10	7119900	-0.980688	4.86554
11	5777100	-0.895105	4.00027
12	4805300	-0.815957	3.37666
13	4060400	-0.748997	2.88059
14	3477400	-0.690025	2.45706
15	3040000	-0.639742	2.13637
16	2685300	-0.594591	1.80756
17	2338100	-0.561896	1.6062
18	2040700	-0.534046	1.52068
19	1818100	-0.506576	1.29078
20	1617200	-0.487256	1.19428
21	1405100	-0.465388	1.07899
22	1257600	-0.447516	1.0246
23	1126000	-0.436187	0.967732
24	1006700	-0.425687	0.884447
25	873900	-0.420239	0.824717
26	770400	-0.41239	0.865962
27	712200	-0.398176	0.71256
28	645300	-0.391513	0.704656
29	586700	-0.378383	0.701877
30	542600	-0.3746	0.645547
31	506700	-0.360271	0.583117
32	569900	-0.315927	0.465254
33	484900	-0.325112	0.489734
34	416400	-0.340192	0.513785
35	396200	-0.334953	0.517441
36	371900	-0.32289	0.489135
37	338900	-0.317145	0.467429
38	352200	-0.300714	0.413386
39	345300	-0.292076	0.425648
40	286400	-0.29986	0.398739
41	285800	-0.293735	0.356025
42	267400	-0.283689	0.359192
43	252600	-0.278495	0.340749
44	257300	-0.272418	0.305591
45	249300	-0.272409	0.323544
46	227900	-0.265287	0.314559
47	236900	-0.247838	0.282268
48	225300	-0.249217	0.278275
49	206600	-0.234626	0.240151
50	205300	-0.226609	0.239178
51	201000	-0.22391	0.297419
52	193600	-0.218975	0.225876
53	192300	-0.204578	0.212419
54	188700	-0.196569	0.178502
55	167200	-0.200058	0.206625
56	161000	-0.198849	0.174275
57	150100	-0.191266	0.166237
58	151000	-0.189476	0.14893
59	133300	-0.183658	0.155916
60	140800	-0.186736	0.156234
61	135800	-0.17483	0.145549
62	137200	-0.170459	0.148293
63	122400	-0.166576	0.125474
64	118100	-0.167511	0.135685
65	116700	-0.163611	0.118537
66	115400	-0.164951	0.111357
67	112600	-0.160979	0.109588
68	109700	-0.154358	0.105509
69	98900	-0.155845	0.111122
70	97000	-0.156325	0.103587
71	91000	-0.149675	0.109932
72	91200	-0.152649	0.11273
73	97200	-0.146247	0.0933471
74	84000	-0.145637	0.130629
75	82400	-0.144841	0.124729
76	86400	-0.142755	0.12865
77	92500	-0.133686	0.0847922
78	96900	-0.12295	0.0762299
79	105700	-0.11755	0.073284
80	102300	-0.114002	0.0855278
81	88700	-0.120984	0.0710456
82	69100	-0.130175	0.0747066
83	55700	-0.141696	0.0891703
84	53700	-0.136224	0.105833
85	53000	-0.138388	0.078436
86	51300	-0.138993	0.095772
87	51200	-0.133755	0.109397
88	53900	-0.134271	0.0879066
89	49800	-0.131149	0.0819328
90	45800	-0.13544	0.0645421
91	43700	-0.13233	0.105031
92	39900	-0.129474	0.0727377
93	43900	-0.125366	0.0665267
94	45100	-0.12868	0.0671704
95	38900	-0.124015	0.0655148
96	37300	-0.121216	0.104
97	35000	-0.124115	0.0782023
98	35300	-0.126114	0.0736378
99	33800	-0.122705	0.0595496
100	34500	-0.123617	0.0583896
101	34500	-0.120318	0.101636
102	30100	-0.118389	0.0890115
103	34200	-0.117665	0.0628484
104	30200	-0.120525	0.0547803
105	29300	-0.114465	0.0681003
106	29800	-0.122457	0.0530169
107	31500	-0.118829	0.05905
108	29200	-0.115527	0.0660853
109	27700	-0.119079	0.0472939
110	29600	-0.116343	0.0612658
111	26800	-0.11148	0.0563661
112	27900	-0.115042	0.0475528
113	32200	-0.110445	0.0469367
114	28700	-0.113571	0.0500138
115	28200	-0.111224	0.0499111
116	27100	-0.109053	0.0450438
117	27900	-0.111682	0.0517227
118	29300	-0.111055	0.0552282
119	28900	-0.110044	0.0458282
120	29000	-0.108076	0.0428873
121	26300	-0.104723	0.0420062
122	26700	-0.106342	0.0531957
123	21100	-0.108352	0.0405071
124	23500	-0.105839	0.0377556
125	24600	-0.106657	0.0421505
126	22200	-0.104008	0.0439534
127	23800	-0.103158	0.0686522
128	21200	-0.0997937	0.0352841
129	20800	-0.101408	0.0346594
130	20900	-0.100719	0.0526656
131	17100	-0.0975813	0.0515254
132	16800	-0.0957652	0.043755
133	19800	-0.0929568	0.0352579
134	18800	-0.0952108	0.0357013
135	16700	-0.092801	0.0340755
136	16900	-0.0916231	0.0356626
137	18300	-0.0945949	0.0333322
138	16100	-0.091912	0.0290232
139	15100	-0.0850135	0.0410301
140	15600	-0.0829841	0.0335734
141	15700	-0.0822159	0.0347951
142	20700	-0.0758512	0.0415585
143	17800	-0.0778441	0.0287178
144	17100	-0.0739466	0.0246477
145	17000	-0.0708649	0.0287789
146	16900	-0.074243	0.0275745
147	17400	-0.0682085	0.0214345
148	17700	-0.0720514	0.0214797
149	21400	-0.0665849	0.026779
150	18700	-0.065599	0.0225249
151	18300	-0.0614413	0.0373481
152	17800	-0.0576315	0.0193821
153	16700	-0.0643491	0.018018
154	21200	-0.0601737	0.0232239
155	19400	-0.0616323	0.0182426
156	19300	-0.0580724	0.0164715
157	18900	-0.0552734	0.0177715
158	18900	-0.0621287	0.0169089
159	19200	-0.0619483	0.0169023
160	15600	-0.0613601	0.0184697
161	15500	-0.0538606	0.0210296
162	15500	-0.0615557	0.0217693
163	15700	-0.0609844	0.0172954
164	16500	-0.0638756	0.0185144
165	13800	-0.0649401	0.0193977
166	11600	-0.0655535	0.0174723
167	12200	-0.0585344	0.0177679
168	14400	-0.0684992	0.0474782
169	11400	-0.0668695	0.0200934
170	12400	-0.0664634	0.0249868
171	12500	-0.0676222	0.0168181
172	14000	-0.0657953	0.019649
173	9600	-0.0637716	0.0206143
174	11900	-0.0639304	0.0196737
175	10800	-0.0666134	0.0204924
176	13800	-0.0652613	0.0210059
177	10200	-0.0629349	0.0151957
178	10600	-0.0591606	0.0191482
179	9100	-0.0593727	0.0205577
180	11500	-0.0642487	0.0167734
181	10000	-0.0622174	0.0188762
182	11100	-0.0614405	0.016394
183	11200	-0.0665505	0.0219695
184	11500	-0.0596455	0.0150362
185	12500	-0.0595292	0.0151479
186	11300	-0.0577843	0.0164001
187	12400	-0.0547086	0.0137135
188	11400	-0.0532621	0.0448688
189	12700	-0.0546975	0.0145936
190	13300	-0.0501955	0.0139744
191	13400	-0.0525443	0.0121779
192	13100	-0.0489409	0.0109125
193	15100	-0.0502787	0.0123605
194	15400	-0.0425041	0.00999915
195	17200	-0.0433507	0.00969853
196	17900	-0.0430196	0.0105702
197	18700	-0.0454674	0.0109591
198	20300	-0.0391216	0.00913867
199	16300	-0.0402668	0.00848691
200	18900	-0.037045	0.00938882
201	20100	-0.0368243	0.0102311
202	17700	-0.0378321	0.00802996
203	20200	-0.0357895	0.00849428
204	19000	-0.0371262	0.00772177
205	19400	-0.0359677	0.0107528
206	14700	-0.0394332	0.0128846
207	15400	-0.0363102	0.00707368
208	14300	-0.0356866	0.00842623
209	14300	-0.0384384	0.00924532
210	13600	-0.0352341	0.00690577
211	14100	-0.038612	0.00875581
212	12500	-0.0433797	0.023536
213	11100	-0.0457499	0.00936016
214	13200	-0.0390597	0.00809704
215	10100	-0.041716	0.0142901
216	8700	-0.0449383	0.0120565
217	9500	-0.0469077	0.00962221
218	7600	-0.0480277	0.0108013
219	5900	-0.0407425	0.00959849
220	8700	-0.0480461	0.0107582
221	5300	-0.0465105	0.0103019
222	6900	-0.0465395	0.0121007
223	5300	-0.0525864	0.0153809
224	6200	-0.0472547	0.010398
225	5600	-0.0457096	0.00786131
226	4600	-0.0451977	0.0169559
227	4300	-0.047737	0.00992357
228	5600	-0.050496	0.0109932
229	4200	-0.0519151	0.00913998
230	4100	-0.0491528	0.0133092
231	5500	-0.056431	0.00957072
232	4800	-0.046781	0.0116371
233	4700	-0.0478008	0.0120415
234	3200	-0.0527756	0.0115909
235	3900	-0.0432367	0.0110567
236	4100	-0.0539801	0.00997898
237	5000	-0.0478169	0.00824165
238	4800	-0.0485601	0.00893576
239	3400	-0.0552084	0.0105854
240	4400	-0.0457958	0.0136279
241	4800	-0.0488781	0.00854706
242	4600	-0.0497011	0.0102095
243	5100	-0.0493838	0.00871637
244	3400	-0.052953	0.00887428
245	4200	-0.0518733	0.0103223
246	2700	-0.0482052	0.0107002
247	3000	-0.048715	0.00958539
248	3200	-0.0528757	0.0156003
249	3200	-0.0569587	0.0135595
250	4500	-0.0535271	0.00959345
251	3700	-0.055393	0.0112438
252	4100	-0.0506861	0.00937794
253	4300	-0.0537333	0.0107785
254	3100	-0.050539	0.0102873
255	3000	-0.0526384	0.008388
256	2900	-0.0484118	0.0125559
257	2700	-0.0505907	0.0149004
258	3000	-0.045272	0.00926671
259	3200	-0.0512153	0.00975913
260	2600	-0.0496061	0.0101996
261	3700	-0.0509662	0.00954754
262	2900	-0.0509098	0.00915905
263	3000	-0.0528251	0.00947641
264	2800	-0.0512908	0.00866273
265	2800	-0.0513483	0.0100289
266	2000	-0.046366	0.00918733
267	3900	-0.0498623	0.00896768
268	2000	-0.0491729	0.00969349
269	2400	-0.0467787	0.00878677
270	2700	-0.0520837	0.00956562
271	3800	-0.0486375	0.00664235
272	2900	-0.0492257	0.011303
273	2400	-0.0481242	0.00803946
274	3200	-0.0498495	0.01085
275	2700	-0.0473593	0.00821934
276	2600	-0.0470187	0.00981618
277	2200	-0.0503668	0.00901281
278	1700	-0.0489881	0.00670144
279	2700	-0.0511035	0.00718067
280	3600	-0.0455164	0.0068949
281	2700	-0.0466239	0.0112085
282	2400	-0.0486	0.00663515
283	2200	-0.0486018	0.00768572
284	1200	-0.043771	0.011617
285	2100	-0.0423801	0.0153142
286	2500	-0.0486021	0.00884859
287	3400	-0.0488326	0.00815424
288	3400	-0.0491752	0.00872023
289	3400	-0.0453008	0.00632946
290	3500	-0.0448931	0.00806389
291	2400	-0.0424082	0.00995277
292	3800	-0.0457893	0.0201945
293	3600	-0.0469912	0.00782914
294	2700	-0.0455199	0.00707451
295	2500	-0.047522	0.0164229
296	2600	-0.0438607	0.00551177
297	2200	-0.0438774	0.00573171
298	1700	-0.0420341	0.0048489
299	2000	-0.045167	0.00540474
300	2700	-0.0440839	0.00567656
301	2300	-0.03959	0.00947285
302	2800	-0.0424972	0.0064731
303	1800	-0.0469675	0.00823952
304	1800	-0.0399613	0.0112702
305	1900	-0.0432854	0.00742884
306	1800	-0.0433706	0.00705784
307	1600	-0.0387618	0.00520277
308	2300	-0.0425101	0.00688559
309	2100	-0.0437526	0.00742225
310	2400	-0.0394127	0.00688994
311	2600	-0.038356	0.00738669
312	2600	-0.0426975	0.00672196
313	2100	-0.0371218	0.00799312
314	2300	-0.0390146	0.00534653
315	1800	-0.0327433	0.0762542
316	2000	-0.0434417	0.00737892
317	1400	-0.0455384	0.00477202
318	1300	-0.0381217	0.00766515
319	1900	-0.0417278	0.00786871
320	2000	-0.0402672	0.00556587
321	1600	-0.0353851	0.00593649
322	1400	-0.0313815	0.00803294
323	1700	-0.0368322	0.00657061
324	2000	-0.0388741	0.00883692
325	1400	-0.044026	0.00576199
326	1900	-0.0381377	0.00472718
327	1500	-0.0334601	0.00494686
328	2400	-0.041691	0.00696721
329	2200	-0.0383242	0.00589294
330	1900	-0.0360301	0.00860421
331	1900	-0.0379962	0.00727659
332	1900	-0.0280944	0.152723
333	1700	-0.0417206	0.00453907
334	1600	-0.0377898	0.00396391
335	1600	-0.0408578	0.00456071
336	2100	-0.0373703	0.00502287
337	2600	-0.0422289	0.00468097
338	2500	-0.0395801	0.00807113
339	1900	-0.0410553	0.00657649
340	1900	-0.0416665	0.00440215
341	1200	-0.0394555	0.00528012
342	2100	-0.0372182	0.00913731
343	1500	-0.0369057	0.00632156
344	1800	-0.0363518	0.00673774
345	1300	-0.0408732	0.00664708
346	2300	-0.0364955	0.0053063
347	2500	-0.0408721	0.00411873
348	1300	-0.0353942	0.0145006
349	2200	-0.0391044	0.00462804
350	2300	-0.0371284	0.00656583
351	1200	-0.0385001	0.00391984
352	2500	-0.0375441	0.00507277
353	1300	-0.0337453	0.00906684
354	1300	-0.0429408	0.00485095
355	2000	-0.0396822	0.00448984
356	2100	-0.038696	0.00453584
357	2500	-0.0385209	0.00446926
358	2000	-0.032414	0.00665845
359	1800	-0.0384042	0.0107441
360	2400	-0.0371512	0.0063125
361	1800	-0.0366645	0.00519152
362	2500	-0.033869	0.00612655
363	2600	-0.0334488	0.00456009
364	2000	-0.0367392	0.00621271
365	1500	-0.0378527	0.00440971
366	2300	-0.0347893	0.00525524
367	1700	-0.0320068	0.0455534
368	800	-0.0416531	0.00332707
369	2100	-0.0369265	0.00514929
370	2400	-0.0362153	0.00614858
371	2900	-0.0377391	0.00449447
372	1600	-0.0371279	0.00403389
373	2000	-0.0370494	0.00502238
374	2500	-0.0376824	0.00443877
375	2700	-0.0385209	0.00394941
376	1300	-0.0360255	0.00412746
377	2600	-0.0378407	0.00387997
378	3300	-0.0354342	0.00700078
379	1900	-0.0365788	0.00518424
380	2500	-0.0362063	0.00449639
381	3700	-0.0343596	0.00524369
382	2600	-0.0326763	0.003629
383	3400	-0.0365882	0.00400084
384	2400	-0.0368593	0.00436855
385	2400	-0.0368958	0.00440178
386	2300	-0.0369341	0.00405145
387	3200	-0.0345965	0.00470853
388	2400	-0.0344072	0.00378339
389	2300	-0.0342138	0.00435271
390	3000	-0.0351389	0.00405763
391	3900	-0.0355507	0.0047934
392	3400	-0.0337055	0.00344013
393	4300	-0.0357671	0.00443323
394	4100	-0.0338886	0.00443642
395	3200	-0.034845	0.00467179
396	4300	-0.0314706	0.00467232
397	3800	-0.0329202	0.0064069
398	3900	-0.0359275	0.00582961
399	3000	-0.0324102	0.00433033
400	3300	-0.0342559	0.00416036
401	3700	-0.0341064	0.00361803
402	4100	-0.034386	0.00399645
403	3900	-0.0339829	0.00477578
404	3500	-0.033317	0.00447459
405	4100	-0.0352122	0.00401175
406	2900	-0.0365731	0.00386492
407	4400	-0.0336092	0.0040389
408	4200	-0.032894	0.00472181
409	3600	-0.0325048	0.00360368
410	5200	-0.0324978	0.00394942
411	3400	-0.0328661	0.0042627
412	3400	-0.0325205	0.00478909
413	3700	-0.03082	0.00404325
414	4700	-0.033257	0.00446162
415	2100	-0.0343406	0.00348419
416	4800	-0.0325529	0.00408992
417	5000	-0.0325048	0.00351037
418	4000	-0.0293639	0.0061388
419	3600	-0.0321597	0.00330502
420	3800	-0.0311783	0.00444953
421	4400	-0.031193	0.00379817
422	3300	-0.0326593	0.0032559
423	4100	-0.0314749	0.00548456
424	3700	-0.0347158	0.00366365
425	4100	-0.0317512	0.00367443
426	4400	-0.0304084	0.00599235
427	3200	-0.0313244	0.00477956
428	3500	-0.0318297	0.003898
429	3200	-0.0316994	0.00345774
430	4800	-0.0318163	0.0042323
431	4700	-0.0331268	0.0039803
432	4000	-0.0310647	0.00409759
433	4500	-0.0306678	0.00301308
434	3400	-0.0289564	0.00903294
435	3900	-0.0305083	0.00373088
436	3700	-0.0308319	0.00361465
437	3200	-0.0303193	0.00395006
438	3300	-0.0304609	0.00513526
439	4900	-0.0314935	0.00432744
440	4600	-0.0321525	0.00335183
441	3700	-0.0295323	0.00489327
442	3700	-0.0279855	0.00425709
443	4400	-0.0312157	0.00411974
444	4200	-0.0319131	0.0034215
445	2500	-0.0304986	0.00330512
446	2300	-0.0298448	0.00495843
447	3300	-0.0300463	0.00324827
448	3400	-0.0306729	0.00302607
449	4100	-0.0279395	0.00488968
450	3200	-0.0291219	0.00288796
451	2600	-0.0293317	0.0029796
452	3400	-0.0308727	0.00341128
453	2100	-0.0292439	0.00343442
454	3600	-0.0288848	0.00460096
455	3100	-0.0304052	0.00313046
456	2600	-0.0277783	0.0036634
457	2300	-0.0268204	0.0033944
458	3200	-0.0299523	0.00345093
459	3300	-0.0291761	0.00315831
460	2500	-0.0280051	0.00407941
461	2300	-0.0279332	0.0119284
462	3100	-0.0272525	0.002833
463	2800	-0.028269	0.003647
464	2700	-0.0256617	0.00308681
465	2200	-0.0255187	0.00350044
466	1800	-0.0307887	0.0026792
467	1700	-0.0298842	0.00378294
468	3100	-0.0250614	0.00355762
469	2900	-0.0264006	0.00353555
470	2600	-0.0254403	0.00356743
471	1600	-0.0252125	0.00436541
472	2200	-0.0259305	0.00449836
473	2300	-0.0271216	0.00549333
474	2100	-0.0231117	0.00399933
475	2300	-0.028415	0.0024061
476	2700	-0.0253735	0.00217984
477	1900	-0.0288604	0.00309266
478	2200	-0.0235432	0.00281384
479	2200	-0.0272035	0.00301172
480	1400	-0.023579	0.00209273
481	2400	-0.0196111	0.00235671
482	2200	-0.0262865	0.00240512
483	1200	-0.0242437	0.00239063
484	1400	-0.0223971	0.00210248
485	1200	-0.0284062	0.00213056
486	1300	-0.0259588	0.00212087
487	1100	-0.0205223	0.00286522
488	900	-0.0270042	0.00223118
489	1300	-0.0207573	0.00205305
490	1300	-0.0265784	0.0028396
491	2000	-0.0239816	0.00323552
492	1700	-0.0241211	0.00280219
493	1200	-0.0242014	0.00268378
494	1600	-0.0225806	0.00183511
495	1000	-0.0207231	0.00316414
496	1200	-0.0224682	0.00200039
497	900	-0.0196416	0.00195798
498	600	-0.0126884	0.00155075
499	1800	-0.0247619	0.00238725
500	900	-0.0248818	0.00349506
501	1000	-0.024691	0.00309289
502	1500	-0.0245987	0.00224934
503	500	-0.0227519	0.00222941
504	1100	-0.0279552	0.00213809
505	1000	-0.0165877	0.0015541
506	1300	-0.0212298	0.00227366
507	1100	-0.0205045	0.00168799
508	900	-0.0267896	0.00320679
509	500	-0.0255668	0.0016272
510	900	-0.0221689	0.00256154
511	1400	-0.0232474	0.00266758
512	1100	-0.0255871	0.00192891
513	700	-0.0242406	0.0022599
514	1100	-0.0216979	0.0413888
515	600	-0.0203468	0.0035719
516	800	-0.0229583	0.00169079
517	800	-0.0218813	0.00186169
518	1300	-0.0250868	0.00243241
519	500	-0.0189954	0.00155332
520	600	-0.0205021	0.00244457
521	1000	-0.0190605	0.00166881
522	700	-0.0227978	0.00175494
523	600	-0.010414	0.00141753
524	900	-0.0225095	0.00318379
525	1600	-0.0202489	0.00234394
526	800	-0.0235696	0.0017729
527	600	-0.027118	0.00209184
528	800	-0.0250559	0.0019345
529	800	-0.0213737	0.0038351
530	1200	-0.0247759	0.00181258
531	700	-0.0190904	0.00222561
532	1300	-0.0227371	0.00223056
533	1200	-0.0229608	0.00168347
534	600	-0.0229332	0.00192898
535	900	-0.023053	0.00196021
536	600	-0.0214607	0.0015205
537	600	-0.0200547	0.0020944
538	700	-0.0173515	0.00341776
539	1100	-0.0181185	0.00177818
540	700	-0.0259166	0.00201094
541	800	-0.0231404	0.00230381
542	800	-0.0232079	0.00156649
543	900	-0.0255051	0.00293804
544	700	-0.0267745	0.00237732
545	900	-0.0266911	0.00201377
546	600	-0.0250111	0.00182094
547	300	-0.0234406	0.00314724
548	300	-0.0193257	0.00722618
549	800	-0.0220792	0.00203708
550	1000	-0.0202171	0.00398586
551	300	-0.022726	0.00149481
552	400	-0.0219802	0.0022077
553	700	-0.0224582	0.00183706
554	500	-0.0254336	0.00155471
555	800	-0.0241378	0.00189246
556	600	-0.0193701	0.00198365
557	1000	-0.0242936	0.00346636
558	700	-0.0239077	0.00159222
559	600	-0.0186413	0.00135517
560	800	-0.0237081	0.00183559
561	800	-0.0193095	0.0018289
562	600	-0.0241227	0.00221292
563	900	-0.0179822	0.00234216
564	1200	-0.0193506	0.0025729
565	1000	-0.0201305	0.00250994
566	800	-0.0195967	0.00218224
567	900	-0.0224357	0.00207073
568	500	-0.0218805	0.00339134
569	600	-0.0233199	0.00158508
570	500	-0.0213327	0.00194797
571	1200	-0.0242201	0.00187514
572	1200	-0.0206104	0.00262296
573	1300	-0.0200754	0.00307548
574	600	-0.0235283	0.00178269
575	400	-0.0185504	0.00224618
576	700	-0.0218331	0.0013923
577	400	-0.0223881	0.00342128
578	900	-0.0179419	0.00396663
579	500	-0.0219747	0.00184774
580	600	-0.0207622	0.00176893
581	1200	-0.0203887	0.00149939
582	1100	-0.0218809	0.00159756
583	800	-0.0181324	0.00152297
584	1100	-0.0218276	0.00181269
585	800	-0.0172115	0.00140952
586	1000	-0.0193112	0.00176771
587	700	-0.0211935	0.00180795
588	900	-0.0240153	0.00177985
589	1100	-0.0189761	0.00131127
590	1100	-0.0194924	0.00186914
591	800	-0.0222361	0.00157854
592	1000	-0.0191899	0.00284667
593	1200	-0.0196403	0.00168567
594	1100	-0.0203167	0.00174195
595	1000	-0.0216199	0.00189108
596	700	-0.0230935	0.00181276
597	900	-0.0226302	0.00156953
598	1300	-0.0231727	0.00155405
599	800	-0.0213878	0.0015768
600	1200	-0.0209782	0.00142238
601	900	-0.0188506	0.00266888
602	400	-0.0200142	0.00109212
603	1400	-0.0174293	0.00154948
604	500	-0.017637	0.00382383
605	700	-0.0224389	0.00201616
606	800	-0.0193685	0.00144417
607	700	-0.0205382	0.00149205
608	800	-0.0206419	0.00125771
609	400	-0.0203106	0.00124399
610	900	-0.0225537	0.0022024
611	500	-0.0185787	0.0016502
612	400	-0.0210887	0.00123063
613	400	-0.0150012	0.00146712
614	800	-0.0196992	0.00258574
615	1000	-0.019103	0.0015852
616	200	-0.0110915	0.00102868
617	400	-0.0213105	0.00332424
618	1100	-0.0196653	0.00193105
619	400	-0.0160691	0.00146918
620	700	-0.0210273	0.00312974
621	500	-0.0166411	0.0010533
622	700	-0.0212529	0.00140826
623	800	-0.0183584	0.00140701
624	600	-0.0132095	0.00171104
625	400	-0.0158567	0.00119995
626	600	-0.016195	0.00150078
627	1100	-0.0209172	0.00169863
628	500	-0.0197088	0.00191824
629	800	-0.0167573	0.00153833
630	600	-0.0217536	0.00229524
631	800	-0.0143898	0.00188192
632	600	-0.0217226	0.00221052
633	1400	-0.0205481	0.00229009
634	1000	-0.0149947	0.0012313
635	700	-0.0161271	0.00216549
636	700	-0.019163	0.00129579
637	500	-0.0156073	0.00106236
638	800	-0.0176264	0.00241616
639	200	-0.0198514	0.00167883
640	600	-0.0231072	0.00126857
641	600	-0.0141346	0.00195831
642	1000	-0.0160981	0.00177656
643	200	-0.0224522	0.00120773
644	400	-0.017966	0.00117878
645	700	-0.0158469	0.00197201
646	1100	-0.0196847	0.00124379
647	700	-0.0210403	0.00192703
648	400	-0.0248327	0.00140779
649	300	-0.0181258	0.00162173
650	700	-0.0179478	0.00254988
651	400	-0.0200223	0.00154594
652	900	-0.0163396	0.00144254
653	700	-0.015262	0.00116484
654	1000	-0.0206899	0.00151784
655	200	-0.0170114	0.000943349
656	400	-0.0158095	0.00127343
657	1000	-0.0194383	0.00306647
658	700	-0.0156226	0.00132951
659	800	-0.0160973	0.00155721
660	500	-0.0173346	0.00110166
661	900	-0.0199106	0.0019014
662	800	-0.0189153	0.00173314
663	1100	-0.0167603	0.00130753
664	1000	-0.0191273	0.00190947
665	800	-0.0201366	0.00113757
666	900	-0.0167803	0.00130804
667	600	-0.0171728	0.00231011
668	1300	-0.018782	0.0014338
669	800	-0.0145067	0.00193836
670	200	-0.0224011	0.00123526
671	1300	-0.0183822	0.00233857
672	1300	-0.0182544	0.00131009
673	600	-0.0170979	0.00180963
674	800	-0.019022	0.00126397
675	1600	-0.0167112	0.00162549
676	900	-0.0168189	0.00164031
677	800	-0.0179447	0.00184216
678	800	-0.0183068	0.00205021
679	700	-0.0179015	0.00132583
680	600	-0.0208319	0.00121159
681	900	-0.0166802	0.00110434
682	1500	-0.0154656	0.00134788
683	1300	-0.0158321	0.00242678
684	1000	-0.0173267	0.0011992
685	400	-0.0127307	0.000997171
686	500	-0.0192698	0.00133795
687	800	-0.0162558	0.00156397
688	700	-0.0160054	0.00163423
689	800	-0.0172146	0.0026376
690	900	-0.0141966	0.00313849
691	1600	-0.0184222	0.00188352
692	700	-0.0170626	0.00198892
693	500	-0.0213326	0.00125862
694	700	-0.0185607	0.00149856
695	1300	-0.0170033	0.00162444
696	1800	-0.0173219	0.00118845
697	1200	-0.0203061	0.00143843
698	500	-0.0171921	0.00147999
699	600	-0.0121836	0.00185378
700	1300	-0.0174243	0.00112179
701	1500	-0.0183341	0.0018682
702	600	-0.0173246	0.00115341
703	1100	-0.0173371	0.00248079
704	1100	-0.0145753	0.00233462
705	700	-0.0187636	0.00127039
706	1000	-0.0183287	0.00191081
707	800	-0.0156144	0.00132819
708	1400	-0.0166931	0.00413007
709	1000	-0.0150222	0.00155699
710	1300	-0.0171533	0.00119497
711	700	-0.0181449	0.00112913
712	900	-0.0156766	0.000954995
713	1200	-0.0163699	0.00166665
714	1200	-0.0163083	0.00137857
715	800	-0.0184613	0.00119721
716	1300	-0.0179916	0.0012056
717	1000	-0.0173122	0.00140044
718	1000	-0.015697	0.00274773
719	1400	-0.0184757	0.0013307
720	1000	-0.0125394	0.00109793
721	700	-0.0177903	0.00148856
722	500	-0.0158355	0.00132251
723	1100	-0.0173557	0.00143082
724	1600	-0.01247	0.00208433
725	1500	-0.0133982	0.00175242
726	900	-0.0129115	0.000885731
727	1100	-0.0160916	0.00118733
728	500	-0.0177844	0.00112559
729	1000	-0.0156101	0.00174413
730	1100	-0.0129924	0.00154684
731	1200	-0.0156948	0.00119335
732	600	-0.0167937	0.00112856
733	700	-0.0183768	0.00150976
734	1600	-0.017469	0.0013962
735	800	-0.0163095	0.00127961
736	600	-0.0158419	0.00140302
737	300	-0.00636815	0.000884774
738	500	-0.0126137	0.00140115
739	900	-0.014217	0.0014939
740	1300	-0.0122384	0.00191562
741	800	-0.0150187	0.000964266
742	800	-0.0140135	0.00202807
743	600	-0.0142829	0.0011111
744	900	-0.0160299	0.0011296
745	700	-0.0153475	0.000988019
746	900	-0.0171903	0.00117184
747	1000	-0.013541	0.00125243
748	400	-0.0137235	0.000908142
749	400	-0.0140931	0.00136712
750	900	-0.0146294	0.00185712
751	1300	-0.014906	0.00119483
752	1000	-0.0155891	0.00138477
753	400	-0.0156023	0.00101521
754	1000	-0.0151982	0.00108069
755	600	-0.0168349	0.000960098
756	600	-0.0165851	0.00193692
757	1100	-0.0146578	0.00237137
758	1400	-0.0150778	0.00164058
759	1200	-0.0164169	0.00154961
760	600	-0.0183591	0.0010536
761	500	-0.0134519	0.00193563
762	1000	-0.0160071	0.00114312
763	700	-0.017368	0.00139559
764	700	-0.0166261	0.00107371
765	700	-0.0147895	0.00167662
766	400	-0.0169128	0.00130287
767	1100	-0.0174492	0.00117753
768	300	-0.0136313	0.00126335
769	400	-0.0146127	0.00127799
770	1200	-0.0164361	0.00091303
771	600	-0.0152599	0.00227904
772	600	-0.0144822	0.00512353
773	700	-0.0154533	0.00134816
774	500	-0.0176503	0.000971546
775	500	-0.015718	0.00195375
776	600	-0.0124592	0.000852542
777	700	-0.0148689	0.00348646
778	900	-0.0146085	0.000933523
779	700	-0.0157649	0.00147881
780	1000	-0.0131572	0.00120988
781	500	-0.010668	0.000673951
782	300	-0.0152217	0.00125031
783	1100	-0.0128828	0.000998663
784	500	-0.0132659	0.00147018
785	600	-0.0157111	0.00130343
786	900	-0.014789	0.00151645
787	1200	-0.0144894	0.00173034
788	600	-0.0158685	0.00113627
789	500	-0.0142247	0.00125805
790	400	-0.0164085	0.000970027
791	1000	-0.0138065	0.00119675
792	700	-0.0143516	0.000996541
793	500	-0.0137514	0.00107878
794	600	-0.0159356	0.000898255
795	400	-0.0129291	0.00147457
796	900	-0.0143735	0.00106713
797	800	-0.0161986	0.00127497
798	300	-0.0173323	0.000890165
799	600	-0.0140969	0.00117099
800	900	-0.0143058	0.00126382
801	500	-0.0135561	0.00176264
802	500	-0.0165562	0.00104941
803	400	-0.0115945	0.00110956
804	700	-0.0156204	0.00110189
805	400	-0.0169072	0.000920235
806	600	-0.00781571	0.00148499
807	1200	-0.0154873	0.00108179
808	400	-0.0160806	0.000935857
809	800	-0.0155715	0.00126948
810	1200	-0.0147115	0.00100586
811	700	-0.0132526	0.00268486
812	600	-0.0145178	0.00140379
813	600	-0.0159204	0.000895098
814	600	-0.0104757	0.00149938
815	500	-0.0161006	0.00107137
816	400	-0.0137698	0.00081289
818	400	-0.0113188	0.00113957
819	400	-0.0134978	0.00118075
820	600	-0.0138955	0.000910188
821	800	-0.0152226	0.0010806
822	600	-0.0140857	0.00135936
823	400	-0.01515	0.00103897
824	500	-0.0131826	0.00175694
825	300	-0.00987853	0.00240103
826	300	-0.0110748	0.000757495
827	600	-0.0125269	0.00172129
828	900	-0.0143462	0.00107817
829	900	-0.0133625	0.000921918
830	800	-0.0144327	0.0011353
831	500	-0.011862	0.000958611
832	300	-0.0137907	0.000940047
833	200	-0.0129496	0.00309855
834	100	-0.0216193	0.000890471
835	500	-0.0135211	0.00157517
836	700	-0.0132668	0.000898207
837	500	-0.0132312	0.00096553
838	200	-0.0165398	0.000871495
839	700	-0.014371	0.000928895
840	400	-0.00925901	0.00211118
841	300	-0.016516	0.000884129
842	700	-0.0148274	0.00101413
843	400	-0.012243	0.00191761
844	600	-0.0131879	0.000953849
845	800	-0.0140952	0.001271
846	700	-0.0108948	0.00158464
847	300	-0.00886484	0.00110322
848	300	-0.0161821	0.000776957
849	600	-0.012194	0.000801091
850	300	-0.0134442	0.000640494
851	400	-0.0134652	0.000947121
852	400	-0.0092045	0.000608169
853	600	-0.011978	0.00101144
854	400	-0.013308	0.00143959
855	600	-0.0120271	0.00144807
856	200	-0.0130774	0.000974227
857	100	-0.014169	0.000832798
858	400	-0.0123007	0.00104376
859	700	-0.0137656	0.000770297
860	200	-0.0118508	0.00124123
861	300	-0.01579	0.000744862
862	300	-0.0111719	0.000731692
863	600	-0.0144471	0.000741625
864	300	-0.0135058	0.002295
865	400	-0.0144946	0.000827296
866	100	-0.00372772	0.000515002
867	600	-0.0120517	0.00136501
868	300	-0.0100774	0.00221535
869	200	-0.0219984	0.00098808
870	500	-0.013172	0.000725137
871	100	-0.0137889	0.000874843
872	300	-0.00930907	0.0021946
873	400	-0.0128208	0.00107451
874	400	-0.0144527	0.00122904
875	400	-0.0123655	0.000792938
876	600	-0.0157322	0.000824765
877	600	-0.0125929	0.000728672
878	600	-0.0119654	0.0016465
879	400	-0.0111375	0.00093371
880	400	-0.0113827	0.000747572
881	400	-0.0135713	0.00061907
882	400	-0.0106368	0.00109559
883	500	-0.0126477	0.000769103
884	500	-0.00904196	0.00172065
885	500	-0.0126374	0.00089007
886	500	-0.0119533	0.00103825
887	600	-0.0110108	0.000718294
888	800	-0.0113584	0.000751151
889	300	-0.0121405	0.000927578
890	300	-0.0139246	0.000912454
891	400	-0.0164185	0.000799297
892	500	-0.00976636	0.000600978
893	300	-0.0132088	0.000740237
894	400	-0.0110329	0.000610938
895	100	-0.017038	0.000830197
896	300	-0.00806232	0.000734845
897	600	-0.0143311	0.000921254
898	300	-0.013026	0.000681102
899	700	-0.0111809	0.0014828
900	500	-0.0079558	0.00113813
901	700	-0.0120192	0.000934101
902	800	-0.0101291	0.000946006
903	700	-0.0113729	0.000876047
904	600	-0.00963196	0.000715112
905	700	-0.0128873	0.000898479
906	700	-0.0123047	0.000739649
907	300	-0.014133	0.000614139
908	900	-0.0115503	0.00133026
909	700	-0.0143254	0.000996618
910	300	-0.00814082	0.000948571
911	500	-0.0132083	0.000784144
912	1000	-0.0109296	0.000809402
913	500	-0.0126938	0.000659974
914	600	-0.0117382	0.000779732
915	100	-0.00915922	0.000934979
916	600	-0.013015	0.000837826
917	1000	-0.0118701	0.000830033
918	700	-0.0106065	0.000752725
919	500	-0.0155262	0.000838431
920	600	-0.012985	0.000785749
921	600	-0.0104261	0.00126718
922	500	-0.0132762	0.000786619
923	900	-0.0112589	0.00099633
924	400	-0.0124299	0.000652929
925	400	-0.0102191	0.00163525
926	700	-0.0120297	0.000673492
927	500	-0.0108235	0.00210434
928	400	-0.0118868	0.000808166
929	500	-0.0127983	0.000672733
930	800	-0.0138475	0.000788916
931	700	-0.0134656	0.000852366
932	100	-0.00870164	0.000709125
933	500	-0.0112485	0.000650851
934	500	-0.0117286	0.000811583
935	600	-0.0133359	0.000646222
936	100	-0.017772	0.000766395
937	1100	-0.0116877	0.0013156
938	600	-0.0128408	0.00082776
939	900	-0.0102505	0.000715359
940	900	-0.0114703	0.000783212
941	700	-0.0131801	0.00146505
942	600	-0.00852485	0.000792434
943	600	-0.0112451	0.000653928
944	1100	-0.0124551	0.000845347
945	900	-0.0116662	0.0016212
946	200	-0.0112553	0.000472825
947	700	-0.0139725	0.000760882
948	900	-0.0117519	0.00086247
949	300	-0.0110474	0.000719706
950	800	-0.0106558	0.000874932
951	400	-0.008981	0.000719316
952	500	-0.0104496	0.000954886
953	300	-0.012917	0.00076662
954	700	-0.00858036	0.00102218
955	600	-0.00994511	0.000793773
956	400	-0.012427	0.00069385
957	900	-0.0113648	0.000689633
958	500	-0.00930526	0.000914182
959	400	-0.0101995	0.000534258
960	600	-0.00978477	0.000846876
961	500	-0.0102418	0.00131302
962	300	-0.00927263	0.000565247
963	500	-0.0108271	0.00278215
964	200	-0.0120351	0.000913341
965	400	-0.011581	0.000640506
966	300	-0.00499597	0.0129945
967	500	-0.0108945	0.00070673
968	700	-0.009	0.000802056
969	300	-0.0135356	0.000884337
970	500	-0.009457	0.000708643
971	300	-0.00758718	0.000634854
972	500	-0.00955419	0.0011701
973	300	-0.0116408	0.000697258
974	700	-0.0116405	0.000640683
975	1100	-0.0100255	0.000738642
976	600	-0.00999359	0.00107278
977	600	-0.0101304	0.000606565
978	300	-0.0127815	0.000602418
979	300	-0.0067165	0.000532328
980	600	-0.00929158	0.000778992
981	200	-0.0130888	0.000797831
982	500	-0.00929848	0.000985984
983	700	-0.0103296	0.000653412
984	200	-0.0153679	0.000687621
985	400	-0.0111074	0.000728066
986	300	-0.00295779	0.000548727
987	500	-0.00530348	0.000458009
988	600	-0.0104313	0.000562206
989	200	-0.0104218	0.00254935
990	200	-0.000510489	0.000365018
991	400	-0.0089041	0.000504095
992	100	-0.0114032	0.000900868
993	700	-0.00596115	0.00046548
994	600	-0.0108603	0.00353854
995	400	-0.00707767	0.000598364
996	200	-0.0090223	0.000500556
997	200	-0.0139423	0.000690836
998	300	-0.00834988	0.000662449
999	400	-0.00763877	0.000569011
1000	600	-0.00929116	0.000769543
1001	700	-0.00867235	0.000616666
1002	200	-0.00674587	0.000615817
1003	600	-0.0049663	0.000958897
1004	800	-0.0112795	0.0010589
1005	400	-0.0091347	0.00169591
1006	600	-0.0101108	0.000644191
1007	200	-0.0102741	0.000756993
1008	400	-0.00941449	0.00104479
1009	100	-0.00914276	0.000782578
1010	700	-0.00322006	0.000450478
1011	500	-0.00824551	0.0024238
1012	500	-0.00820167	0.000653844
1013	700	-0.00460022	0.000531
1014	300	-0.0106524	0.000701749
1015	300	-0.00774091	0.000952574
1016	400	-0.0120521	0.00093193
1017	300	-0.00897416	0.000937668
1018	200	-0.0110937	0.00134812
1019	400	-0.00578838	0.000530407
1020	300	-0.00838196	0.000588974
1021	800	-0.00988158	0.000567161
1022	400	-0.00618233	0.000933549
1023	600	-0.00839798	0.000618714
1024	200	-0.00122123	0.000460792
1025	700	-0.00822726	0.000552988
1026	400	-0.00467419	0.000558761
1027	600	-0.00582132	0.000763868
1028	400	-0.00931989	0.000649912
1029	600	-0.00764356	0.000985848
1030	900	-0.0121549	0.000703694
1031	800	-0.00860463	0.000718028
1032	500	-0.00847439	0.000925321
1033	600	-0.00875208	0.000874817
1034	700	-0.00994505	0.000722271
1035	400	-0.00699154	0.000552647
1036	500	-0.00832707	0.000518804
1037	300	-0.00444725	0.00229677
1038	200	-0.0103608	0.00138936
1039	600	-0.0123224	0.000992319
1040	400	-0.00798813	0.000616646
1041	200	-0.00695393	0.000629105
1042	300	-0.0110224	0.000934212
1043	200	-0.00945549	0.000713875
1044	600	-0.0105833	0.000865369
1045	200	-0.00985548	0.00053822
1046	300	-0.00970394	0.000609961
1047	400	-0.0113653	0.00106652
1048	900	-0.00691771	0.000688602
1049	400	-0.011152	0.000577664
1050	400	-0.00644224	0.000988139
1051	600	-0.0105209	0.000769073
1052	200	-0.00528014	0.000545713
1053	600	-0.00841971	0.00067612
1054	200	-0.00762341	0.000569114
1055	300	-0.0094149	0.000802329
1056	700	-0.00786837	0.000786375
1057	700	-0.0035194	0.00189173
1058	100	-0.00648695	0.000803633
1059	400	-0.0104293	0.000957372
1060	600	-0.00931917	0.000733285
1061	600	-0.0076419	0.000562117
1062	600	-0.0109511	0.00127704
1063	200	-0.0120617	0.000635922
1064	200	-0.00663987	0.000487678
1065	400	-0.0113135	0.000563876
1066	600	-0.0100462	0.000677572
1067	300	-0.0125516	0.000714327
1068	500	-0.00772528	0.000903226
1069	100	-0.0113695	0.00063486
1070	400	-0.00626455	0.000597695
1071	400	-0.0110895	0.000520784
1072	100	-0.00745914	0.000670919
1073	500	-0.00914463	0.000662081
1074	300	-0.00646521	0.000510506
1075	300	-0.0124483	0.000680003
1076	200	-0.00797954	0.0016046
1077	500	-0.00642301	0.00120934
1078	300	-0.0110107	0.00102685
1079	200	-0.00857303	0.000904836
1080	500	-0.0103075	0.00060645
1081	700	-0.00826199	0.000832547
1082	600	-0.00799309	0.00058884
1083	400	-0.0103791	0.000739933
1084	200	-0.0108527	0.000893886
1085	200	-0.0130027	0.000530436
1086	100	-0.0146697	0.000634013
1087	500	-0.0100515	0.000605291
1088	500	-0.00886424	0.000621269
1089	500	-0.0114194	0.000602647
1090	100	-0.0136703	0.000602771
1091	600	-0.0101462	0.000588182
1092	200	-0.0063783	0.000617354
1093	700	-0.00864668	0.00110365
1094	400	-0.00165322	0.000491969
1095	400	-0.00644852	0.000674976
1096	100	-0.00290589	0.000298911
1097	700	-0.00794798	0.000893687
1098	700	-0.00894305	0.000550658
1099	600	-0.00898155	0.000603819
1100	400	-0.0108938	0.000643671
1101	500	-0.00928368	0.000660006
1102	600	-0.00977127	0.000672138
1103	400	-0.00990328	0.000771692
1104	300	-0.0130087	0.000544631
1105	600	-0.0104069	0.000593064
1106	200	-0.00566298	0.000568143
1107	400	-0.0103198	0.000575044
1108	400	-0.0115934	0.000613156
1109	500	-0.00820794	0.000838086
1111	500	-0.00488664	0.000623929
1112	100	-0.00790843	0.00049734
1113	200	-0.0117031	0.000464939
1114	200	-0.00932513	0.000502037
1115	400	-0.0109965	0.000596867
1116	400	-0.00690974	0.000972313
1117	400	-0.00910299	0.000762793
1118	500	-0.0105485	0.000719064
1119	400	-0.00913353	0.000629985
1120	600	-0.00757682	0.000653151
1121	300	-0.00876457	0.000675829
1122	600	-0.00966874	0.000565649
1124	600	-0.00965891	0.000777212
1125	600	-0.00680085	0.00120349
1126	400	-0.0104556	0.000986628
1127	500	-0.0103292	0.000511349
1128	600	-0.00996023	0.00106015
1129	300	-0.00460845	0.000478229
1130	500	-0.0102468	0.000541851
1131	800	-0.00939597	0.000763195
1132	500	-0.0109182	0.000552871
1133	500	-0.00961906	0.000764738
1134	600	-0.0109031	0.000557519
1135	400	-0.0110359	0.000765768
1136	400	-0.00860759	0.000541193
1137	600	-0.00841734	0.000901915
1138	600	-0.00885519	0.000573684
1139	400	-0.00606308	0.000574442
1140	600	-0.00749278	0.00102492
1141	300	-0.0111101	0.00054659
1142	400	-0.0090211	0.000901031
1143	600	-0.00833919	0.000664386
1144	400	-0.0115819	0.000583802
1145	300	-0.00697435	0.00153501
1146	400	-0.0113358	0.0005929
1147	400	-0.0101306	0.00055042
1148	700	-0.00739225	0.000720124
1149	900	-0.00966677	0.000581756
1150	900	-0.00927472	0.000726892
1151	400	-0.00814761	0.000524688
1152	400	-0.0100898	0.000586721
1153	500	-0.00891564	0.000636985
1154	700	-0.00866029	0.000627372
1155	300	-0.0108184	0.000546324
1156	200	-0.00956895	0.00048657
1157	600	-0.010652	0.000666241
1158	400	-0.0119366	0.000767339
1159	800	-0.00775685	0.000635678
1160	100	-0.00956462	0.000455757
1161	100	-0.0133442	0.000633449
1162	500	-0.00962899	0.000914115
1163	200	-0.0103283	0.000624501
1164	600	-0.00898748	0.000616274
1165	700	-0.00910909	0.000725486
1166	600	-0.0071332	0.00109641
1167	600	-0.0107169	0.000593841
1168	100	-0.00811866	0.0004794
1169	700	-0.00839109	0.000792735
1170	600	-0.00993244	0.000489937
1171	400	-0.009036	0.000697351
1172	800	-0.00791711	0.00108378
1173	500	-0.00833529	0.000652058
1174	700	-0.00929703	0.000846119
1175	1000	-0.0086568	0.00100119
1176	300	-0.00988519	0.000594847
1177	300	-0.0134359	0.000559622
1178	500	-0.0100926	0.000603456
1179	100	-0.00550421	0.000492105
1180	500	-0.00899637	0.000576725
1181	1200	-0.00866302	0.00103199
1182	700	-0.00961333	0.000604108
1183	400	-0.0109813	0.000533255
1184	300	-0.00996832	0.00134207
1185	300	-0.0112165	0.000683232
1186	600	-0.00751145	0.000558904
1187	300	-0.00381128	0.0112319
1188	600	-0.00848624	0.000645384
1189	200	-0.00883215	0.000837475
1190	600	-0.00692482	0.00126403
1191	600	-0.00905895	0.00056278
1192	700	-0.00889223	0.000663624
1193	500	-0.0071654	0.000593797
1194	1000	-0.00886708	0.000645802
1195	800	-0.00819301	0.000737239
1196	600	-0.00636993	0.000963975
1197	1300	-0.00715178	0.00112511
1198	800	-0.00756204	0.000743503
1199	700	-0.00659847	0.000711668
1200	1000	-0.00830509	0.000706906
1201	600	-0.00688649	0.000655183
1202	100	-0.0116078	0.000551111
1203	900	-0.0091044	0.000591355
1204	700	-0.00867334	0.000693243
1205	500	-0.00950672	0.000566912
1206	400	-0.00794407	0.000532649
1207	500	-0.00827575	0.000910614
1208	600	-0.0098859	0.000532963
1209	300	-0.00888897	0.000694376
1210	500	-0.00612109	0.000729553
1211	800	-0.00780465	0.000618124
1212	200	-0.00968438	0.00107086
1213	500	-0.00761094	0.000670085
1214	700	-0.00860661	0.000556483
1215	100	-0.0113518	0.000658783
1216	500	-0.00814061	0.000674587
1217	300	-0.0101522	0.000596269
1218	200	-0.0117418	0.00056855
1219	400	-0.00818812	0.000514831
1220	600	-0.0101442	0.000567527
1221	400	-0.0122751	0.000483042
1222	100	-0.0112536	0.000710748
1223	600	-0.0071441	0.00094742
1224	600	-0.00899016	0.000550395
1225	400	-0.00953917	0.000531527
1226	500	-0.00848714	0.000684793
1227	500	-0.00903543	0.00058718
1228	500	-0.0107771	0.000511519
1229	300	-0.0067229	0.000479398
1230	700	-0.00695192	0.001145
1231	400	-0.00953742	0.000650739
1232	400	-0.00700551	0.000512866
1233	300	-0.00795909	0.000618957
1234	500	-0.00746075	0.000598757
1235	800	-0.00712641	0.000977272
1236	200	-0.00984636	0.000552082
1237	600	-0.00730148	0.00061653
1238	500	-0.0113467	0.000513703
1239	300	-0.00903749	0.00116311
1240	600	-0.00810955	0.000805363
1241	600	-0.00905991	0.000786241
1242	400	-0.00540375	0.000749211
1243	200	-0.00494364	0.000382311
1244	600	-0.00992935	0.000591521
1245	800	-0.00906233	0.000515386
1246	600	-0.00737332	0.000923385
1247	900	-0.004612	0.000959087
1248	500	-0.00993867	0.000641871
1249	400	-0.00774866	0.000823534
1250	400	-0.00678292	0.000768438
1251	700	-0.0064923	0.000854241
1252	300	-0.00799644	0.000593266
1253	1000	-0.00809715	0.00052392
1254	800	-0.00851319	0.000523202
1255	200	-0.0091172	0.000580816
1256	700	-0.00885899	0.000689954
1257	600	-0.00834959	0.000533976
1258	500	-0.00829439	0.000553181
1259	400	-0.0103709	0.000772907
1260	400	-0.00774996	0.000621221
1261	400	-0.00930695	0.000616587
1262	400	-0.00729468	0.000577628
1263	500	-0.00731761	0.000519962
1264	500	-0.00848841	0.00050244
1265	300	-0.00369449	0.00126014
1266	300	-0.00613298	0.00187571
1267	600	-0.00984543	0.000498887
1268	600	-0.0101464	0.00057704
1269	600	-0.00948961	0.000581337
1270	800	-0.00632101	0.00101311
1271	500	-0.0116855	0.000601101
1272	100	-0.00681574	0.000406642
1274	300	-0.00556491	0.000748764
1275	300	-0.00742561	0.000656152
1276	300	-0.0126258	0.000742978
1277	200	-0.00913	0.000514228
1278	800	-0.00845557	0.000702177
1279	600	-0.00794371	0.000532983
1280	300	-0.00767835	0.000551632
1281	700	-0.00648644	0.000908395
1282	400	-0.00977964	0.000504799
1283	400	-0.00861053	0.000537437
1284	200	-0.00819314	0.000550113
1285	100	-0.0109718	0.000785983
1286	300	-0.00957938	0.000574466
1287	100	-0.00915378	0.000739645
1288	200	-0.00893907	0.000526637
1289	200	-0.00680848	0.00106474
1290	500	-0.0051051	0.00101736
1291	300	-0.011616	0.000558796
1292	300	-0.00694441	0.000582502
1293	300	-0.00799132	0.000763437
1294	200	-0.00665304	0.000429017
1295	500	-0.00854122	0.000497591
1296	600	-0.00538571	0.000591103
1297	200	-0.00696628	0.000793842
1298	200	-0.00713715	0.000433901
1299	300	-0.00874459	0.000787387
1300	900	-0.00820833	0.000821161
1301	200	-0.00716019	0.000633809
1302	600	-0.00801589	0.000538872
1303	500	-0.00727081	0.000574035
1304	200	-0.00822091	0.000496897
1305	200	-0.00675379	0.000418296
1306	300	-0.0077888	0.000802498
1307	500	-0.00858973	0.000569433
1308	500	-0.00749178	0.000668636
1309	400	-0.00904525	0.000671118
1310	300	-0.00415365	0.000794043
1311	500	-0.00686419	0.000518389
1312	200	-0.00970889	0.000453534
1313	400	-0.00836723	0.000594159
1314	200	-0.00994335	0.000726977
1315	300	-0.00690434	0.000512622
1317	500	-0.00481622	0.00276884
1318	400	-0.00754711	0.000659255
1319	100	-0.00974917	0.000441806
1320	300	-0.00861146	0.000606004
1321	300	-0.00624071	0.000669554
1322	300	-0.0054284	0.000987378
1323	400	-0.0108794	0.000518631
1325	800	-0.00743474	0.000573072
1326	200	-0.00484115	0.00265897
1327	200	-0.00658133	0.000517602
1328	600	-0.00544802	0.000534573
1329	300	-0.00863407	0.000512511
1330	500	-0.00682393	0.000517499
1331	300	-0.00605582	0.000821134
1333	200	-0.00473629	0.000502596
1334	100	-0.0100961	0.000627135
1335	500	-0.00570128	0.000749888
1336	400	-0.00801081	0.000538602
1337	800	-0.0063071	0.000879848
1338	200	-0.00597819	0.0006501
1339	500	-0.00597246	0.000447616
1340	300	-0.00686731	0.000585827
1343	300	-0.00937353	0.000486082
1344	100	-0.00866893	0.000607257
1345	200	-0.00404011	0.000496877
1346	100	-0.00433732	0.000766787
1347	200	-0.00855545	0.000613704
1348	200	-0.00782493	0.00049212
1349	400	-0.00907988	0.000548084
1350	200	-0.0051887	0.000599557
1351	400	-0.00634355	0.00065572
1352	600	-0.00718906	0.000704739
1353	100	-0.00817366	0.000441289
1354	300	-0.00770564	0.000596831
1355	100	-0.00617736	0.000439456
1356	500	-0.00663507	0.000501101
1358	200	-0.00495454	0.000731515
1359	200	-0.00867536	0.0013666
1360	400	-0.0094031	0.000474267
1361	300	-0.00596654	0.00060226
1362	400	-0.0082358	0.000513784
1363	100	-0.00954454	0.00046272
1364	100	-0.00544631	0.000668549
1365	200	-0.00320097	0.000415461
1366	400	-0.00830349	0.00059054
1367	600	-0.00614789	0.000454727
1368	200	-0.00893206	0.000527805
1369	500	-0.0069612	0.000487423
1371	400	-0.00716843	0.000469766
1372	200	-0.00346451	0.000830425
1374	400	-0.00875807	0.000507727
1375	400	-0.00754265	0.000600323
1376	100	-0.00813717	0.000471304
1378	200	-0.00624587	0.00067022
1379	100	-0.00615027	0.000608172
1380	400	-0.007456	0.000530171
1381	300	-0.00682181	0.000557815
1382	300	-0.00828919	0.000584778
1383	300	-0.00678548	0.000728628
1385	400	-0.00540633	0.000511576
1386	200	-0.00513662	0.00118328
1387	100	-0.00529055	0.000548707
1388	100	0.00195006	0.00180614
1389	300	-0.0059692	0.000610812
1391	200	-0.00601421	0.000525493
1392	300	-0.00493117	0.00140243
1393	200	-0.00248367	0.000543328
1395	100	-0.0116058	0.000510066
1397	200	-0.0088148	0.000592875
1398	100	-0.00716067	0.000589756
1399	200	-0.00782706	0.000471647
1400	100	-0.00551247	0.000500295
1401	100	-0.00564963	0.00048086
1402	200	-0.00521107	0.000480555
1403	300	-0.0100751	0.000821548
1404	100	-0.0106635	0.00048498
1405	300	-0.0049547	0.000648814
1407	100	-0.00698413	0.000491874
1408	100	-0.00462734	0.000837935
1409	300	-0.0041614	0.00124036
1410	400	-0.00945962	0.000521962
1411	300	-0.00747823	0.000488773
1412	200	-0.00682308	0.000481881
1414	100	-0.0055245	0.000482201
1415	300	-0.00458346	0.000649085
1417	200	0.000233903	0.000424965
1418	200	-0.00618882	0.000423436
1421	100	0.00171253	0.000435265
1422	100	-0.00958918	0.000381429
1423	500	-0.0065659	0.000995781
1424	300	-0.00536453	0.000405884
1425	100	-0.00593606	0.000493881
1426	200	-0.00585178	0.000511634
1428	300	-0.0076338	0.000517712
1430	100	-0.0070565	0.000630769
1431	200	-0.00806032	0.000864953
1434	200	-0.00566801	0.000523166
1435	100	-0.00803744	0.000496051
1436	100	-0.00731341	0.00044782
1437	400	-0.00626288	0.000964589
1438	400	-0.00469557	0.00075968
1440	300	-0.006786	0.000563784
1442	300	-0.00486656	0.000632502
1443	200	-0.00553041	0.000412795
1444	100	-0.00636736	0.000574433
1445	300	-0.00361021	0.000731187
1446	200	-0.00789327	0.000679397
1447	100	-0.00880923	0.000537882
1448	300	-0.007175	0.000577544
1449	100	-0.0050385	0.000760681
1450	300	-0.00730002	0.000460237
1452	100	-0.0120523	0.000510473
1453	300	-0.00491271	0.000412411
1456	200	-0.00962701	0.000740276
1457	100	-0.00716236	0.000487817
1458	200	-0.00472169	0.000349415
1460	100	-0.00396031	0.000466446
1461	200	-0.0055527	0.000980354
1463	200	-0.00322273	0.000646838
1464	200	-0.00464966	0.000778101
1465	100	-0.00241978	0.000478255
1467	200	-0.00348855	0.000491678
1468	100	-0.00886493	0.000547546
1471	100	-0.0102254	0.000472246
1473	400	-0.00500981	0.00044684
1474	100	0.000728481	0.00250559
1475	100	-0.00731695	0.000392511
1476	100	-0.00749131	0.000635073
1478	100	-0.000584274	0.000425999
1480	100	-0.00812827	0.000505797
1481	400	-0.00465744	0.000664821
1483	200	-0.0051993	0.000672023
1484	100	-0.00326232	0.000401896
1485	100	-0.00754423	0.000520389
1486	100	-0.00760044	0.000420804
1487	100	-0.0063013	0.000725061
1489	100	-0.00580017	0.000479235
1490	200	-0.00758963	0.000460992
1491	200	-0.00267044	0.000430543
1492	100	-0.00581411	0.000438776
1493	100	-0.00829382	0.000493084
1496	100	-0.00526009	0.000378488
1497	100	-0.0042963	0.000556189
1498	100	-0.00489372	0.000502269
1499	200	-0.00908132	0.000455742
1500	200	-0.00471012	0.00051325
1501	100	-0.00442274	0.00061319
1502	300	-0.00451848	0.000494923
1503	100	-0.0107321	0.000451398
1504	100	-0.0067759	0.000452811
1508	400	-0.0075269	0.000465699
1509	100	-0.00931296	0.000425411
1512	300	-0.00613527	0.000477232
1514	300	-0.00480238	0.000515281
1515	200	-0.000982022	0.00169623
1517	100	-0.00380734	0.000400167
1518	200	-0.00551185	0.000661901
1521	200	-0.00482628	0.000558546
1522	100	-0.00375251	0.000363966
1523	300	-0.00465382	0.000566535
1524	100	-0.00751267	0.00039998
1525	100	-0.00338694	0.000907384
1527	100	0.00374778	0.000426514
1528	200	-0.00544005	0.00045782
1529	100	-0.000352669	0.000422975
1530	100	-0.00915715	0.00050521
1532	200	-0.00445125	0.000506695
1533	200	-0.000640045	0.000512733
1534	200	-0.00570264	0.000621586
1536	200	-0.00269289	0.00055702
1538	200	-0.0044588	0.000425433
1539	100	-0.00376274	0.000447943
1541	300	-0.0054132	0.000422091
1542	100	-0.00322685	0.000364825
1544	100	-0.00186307	0.00110538
1547	100	-0.00564143	0.000465465
1548	100	-0.0036438	0.000685024
1549	200	9.78762e-05	0.000415906
1550	300	-0.00388081	0.00239392
1552	200	-0.00363515	0.000564756
1554	100	0.00142053	0.000486705
1556	100	-0.00701076	0.000462055
1557	200	-0.00771168	0.00060822
1559	100	-0.00550157	0.000486131
1560	100	-0.00628989	0.000405383
1561	200	-0.00593732	0.000751452
1563	300	-0.00427606	0.000919257
1565	400	-0.00442994	0.000444418
1566	200	-0.0059937	0.000526019
1567	100	-2.07229e-05	0.000287577
1568	100	-0.00181401	0.000394417
1569	100	0.00154832	0.000539685
1571	100	-0.00353776	0.000631209
1572	100	-0.00115504	0.000425615
1574	100	-0.00465552	0.00038946
1575	200	-0.00184749	0.000459636
1578	200	-0.00362188	0.000505633
1580	200	-0.00483118	0.000546328
1581	200	-0.00820418	0.000692255
1582	100	0.000620057	0.000426954
1583	100	-0.00315091	0.00098825
1584	200	-0.00689084	0.000506922
1586	400	-0.0052163	0.000503469
1587	200	-0.00597011	0.000651461
1588	200	-0.00223939	0.000423885
1589	100	-0.00613896	0.000581191
1590	100	-0.000642768	0.000357478
1591	100	-0.00640388	0.000509252
1593	100	0.000747306	0.000470612
1595	200	-0.00389946	0.000478576
1596	100	-0.00568086	0.000378296
1598	200	-0.00160146	0.000635056
1599	200	-0.00160929	0.000463341
1601	400	-0.00602175	0.000482238
1602	300	-0.00483183	0.000399641
1603	100	-0.00358341	0.00040052
1604	300	-0.0020045	0.000457592
1605	200	-0.00532772	0.000661545
1606	100	-0.00727807	0.000504373
1607	100	0.000375095	0.000428178
1609	100	-0.00659609	0.000500143
1612	300	-0.000997894	0.000765103
1613	100	-0.00590417	0.000464563
1614	100	-0.00734031	0.000441567
1615	100	-0.00727744	0.000522222
1616	300	-0.00286938	0.000491292
1617	300	-0.00199201	0.000460887
1618	100	-0.00147179	0.000319816
1619	100	-0.00579932	0.000393575
1622	100	-0.00464099	0.000445363
1623	200	0.000306945	0.000383746
1624	100	-0.0086704	0.000474852
1626	100	-0.00507304	0.000470794
1627	400	-0.00335801	0.000514489
1629	100	0.000229985	0.000400432
1631	100	-0.0105846	0.000386648
1633	200	0.000769321	0.000459735
1634	100	-0.00552694	0.000478246
1635	300	-0.00349265	0.000497779
1637	200	-0.00234336	0.000437735
1639	200	-1.0452e-05	0.000445701
1641	100	-0.00663845	0.000559618
1642	200	-0.00173975	0.000407946
1643	300	-0.0046208	0.000390815
1645	100	-0.00239589	0.000395348
1646	100	-0.00921367	0.000495856
1647	100	-0.00468461	0.000386307
1648	100	-0.00638442	0.000388548
1649	100	-0.00331297	0.000407871
1650	100	-0.00699132	0.000523406
1651	200	-0.00390731	0.000560381
1653	100	-0.000557218	0.000613224
1655	100	-0.00258235	0.000472067
1657	200	-0.00162894	0.000385691
1658	400	-0.00499945	0.000449393
1660	100	-0.00376958	0.000287648
1661	200	-0.0045125	0.00059248
1663	400	-0.00521717	0.000482914
1664	100	-0.00120613	0.000394448
1665	100	-0.00331706	0.0004431
1669	200	-0.0078687	0.000529215
1671	100	-0.00987759	0.000487838
1674	100	-0.00788234	0.000605868
1676	200	-0.00608287	0.000482003
1678	300	-0.00320059	0.000610805
1680	100	-0.000769499	0.00031289
1683	300	-0.00203084	0.000579502
1684	200	-0.00413905	0.000394433
1689	100	-0.000359809	0.000483412
1690	200	-0.00530735	0.000538353
1691	200	-0.00254477	0.000608452
1692	100	-0.00104535	0.000481506
1695	100	-0.0055566	0.000556671
1696	100	-0.00739495	0.000575328
1697	100	-0.00716811	0.000469294
1698	100	-0.00081958	0.000391595
1700	200	-0.00407817	0.000594151
1701	100	-0.000859893	0.000345348
1702	200	-0.0033875	0.000466132
1705	200	-0.00100183	0.000942933
1708	200	-0.00217192	0.000361151
1711	100	-0.00252229	0.000548448
1713	200	-0.00397665	0.000363749
1715	200	-0.00480832	0.000444844
1716	100	-0.00357664	0.000414212
1717	100	-0.00202297	0.000436477
1718	100	-0.00393368	0.000474237
1719	100	-0.00245112	0.000661302
1722	200	-0.00579724	0.00102675
1723	100	-0.00403019	0.000591986
1725	400	-0.00303979	0.000482174
1727	100	-0.00225854	0.000381083
1729	100	-0.00499158	0.000345485
1735	300	-0.00294579	0.000582899
1736	100	-0.00302126	0.000442684
1737	200	-0.00389529	0.000516459
1738	100	-0.00367012	0.000523135
1739	200	-0.00415392	0.000446546
1741	100	-0.00462406	0.00042858
1742	100	-0.00341322	0.000412762
1743	100	-0.00248191	0.00082486
1744	200	-0.00384136	0.000686591
1745	100	-0.00386079	0.00044793
1746	100	0.00153861	0.000341477
1748	100	-0.0040272	0.00055575
1750	100	-0.00305194	0.00073013
1752	100	-0.00372018	0.00152295
1754	200	-0.00658545	0.000478031
1756	100	-0.00373637	0.000537721
1758	100	-0.00758282	0.000749161
1759	100	-0.00432121	0.00047403
1760	100	-0.00865707	0.000480026
1766	100	0.00376702	0.0103866
1767	100	-0.00525785	0.000528786
1770	200	-0.00633705	0.00048003
1773	200	-0.00244999	0.00126562
1776	200	-0.00464857	0.000425895
1778	100	-0.00533081	0.000455976
1779	100	-0.00513536	0.000399146
1781	100	-0.00627352	0.00041422
1784	100	-0.00244416	0.00115617
1785	100	-0.00639558	0.000424011
1791	100	-0.00464476	0.000325118
1796	100	-0.00404796	0.00056596
1801	100	-0.00367635	0.000478206
1803	100	-0.00544917	0.000965175
1804	200	-0.00448035	0.000492642
1807	100	-0.00421052	0.000509837
1810	100	-0.00291893	0.000564152
1811	100	-0.00275841	0.000647993
1813	100	-0.00441885	0.000378811
1815	100	-0.00193746	0.000515663
1817	200	-0.00539431	0.000516742
1818	200	-0.00304987	0.000405292
1826	100	-0.00645406	0.000372662
1827	100	-0.00367239	0.000770029
1828	100	-0.00371503	0.000408321
1837	100	-0.002511	0.000469205
1840	200	-0.00113731	0.000471748
1843	100	-0.00922846	0.000422946
1844	100	-0.000132144	0.000674067
1847	100	-0.00352593	0.000380679
1854	300	-0.00347153	0.000431042
1855	100	-0.00712146	0.000436553
1856	100	-0.00538565	0.00041271
1857	100	-3.25858e-05	0.000905396
1858	100	0.0044635	0.00146685
1860	300	-0.00587594	0.0004057
1862	100	-0.000579027	0.000383768
1863	300	-0.00292599	0.000400152
1869	100	-0.00246806	0.000522508
1870	200	-0.00515054	0.000415385
1871	100	-0.00182825	0.00049689
1874	100	0.000568502	0.000758921
1875	100	-0.00538201	0.000357279
1876	100	-0.000246666	0.000401644
1878	200	-0.00651095	0.000434653
1881	200	-0.00323516	0.000449357
1882	100	0.00208844	0.00195649
1887	200	-0.00146744	0.000337896
1888	100	-0.00377325	0.000342244
1894	100	-0.00417209	0.000311796
1895	100	-0.00455799	0.000270735
1906	100	-0.00476941	0.00023886
1907	100	-8.82314e-05	0.00042504
1912	100	-0.00244803	0.000371181
1915	200	-0.00402517	0.000444005
1916	200	-0.00243934	0.000349154
1919	100	-0.00452196	0.000429341
1920	200	-0.00159525	0.000350073
1924	200	-0.000505605	0.000349875
1926	100	-0.00362552	0.00031468
1928	100	-0.00229897	0.000343824
1929	100	-0.00266371	0.000272481
1930	100	-0.0054581	0.000271702
1934	100	-0.0035544	0.000295247
1935	200	-0.00471267	0.000303629
1938	100	-0.00559428	0.000480968
1940	100	-0.00565076	0.000351734
1941	100	-0.00346643	0.000309705
1942	100	0.0013273	0.000384251
1947	200	-0.0041667	0.000297444
1949	100	-0.0092551	0.000386867
1951	100	-0.00349355	0.000306861
1954	100	-0.00214116	0.00112897
1956	200	-0.00255925	0.000769894
1957	100	-0.00237937	0.000290535
1958	100	-0.00507521	0.000264481
1965	100	-0.00138098	0.000518581
1966	100	-0.00617684	0.000272006
1970	100	-0.00602363	0.000288424
1972	200	-0.00225835	0.000666384
1975	100	-0.00267981	0.000209974
1980	100	-0.00458915	0.000295772
1985	100	0.000499293	0.000294049
1987	200	-0.00432254	0.000357478
1990	100	0.000133785	0.000216073
1992	100	-0.00192668	0.000296765
1996	100	-0.00475962	0.000555864
2003	100	-0.00662531	0.000349845
2014	100	-0.00577744	0.000321337
2019	100	-0.00427725	0.000335389
2020	100	-0.00512907	0.000343886
2025	100	-0.000232746	0.000280055
2026	100	-0.00126485	0.00029949
2032	200	-0.00466223	0.000379687
2033	300	-0.00316492	0.00031815
2036	100	0.00021119	0.00089356
2039	100	-0.00278988	0.00024971
2040	100	-0.00479848	0.000338381
2044	100	-0.00447491	0.000230479
2047	100	-0.00577095	0.000292967
2051	100	-0.00273036	0.000313955
2053	100	-0.00545847	0.000467121
2054	100	-0.00893517	0.000325737
2055	100	-0.00274667	0.000478016
2057	100	-0.000951106	0.000271328
2058	100	-0.00499285	0.000412074
2059	100	-0.00307855	0.000286017
2066	100	-0.00730203	0.000286619
2068	100	-0.00155678	0.000383858
2072	200	-0.00256023	0.00022822
2074	100	-0.000147747	0.000879213
2080	100	0.000751361	0.000355869
2083	100	-0.00594233	0.000318098
2087	300	-0.00314086	0.000379549
2092	200	-0.00135902	0.000329052
2099	100	-0.00191872	0.000276896
2100	100	0.000518751	0.000298459
2101	100	-0.00441561	0.000369661
2107	100	-0.00353655	0.000341284
2113	100	-0.00697127	0.000334394
2121	100	-0.00331994	0.000289706
2126	100	-0.00179	0.000506146
2129	100	-0.0016806	0.000291923
2130	100	-0.00387481	0.000682073
2131	100	-0.00487861	0.000329591
2133	200	-0.00367618	0.000306104
2135	100	0.0015293	0.000311554
2137	200	-0.00546413	0.000408654
2139	100	-0.00658032	0.000297023
2142	100	-0.00443037	0.00028254
2147	200	-0.00611172	0.00029418
2149	100	-0.00347204	0.000232646
2154	100	-0.00566455	0.000315813
2159	100	-0.00291849	0.000284944
2160	100	-0.00232269	0.000322554
2161	200	-0.00226229	0.000280848
2163	100	-0.00284157	0.000391921
2165	100	-0.00238437	0.000369691
2166	100	-0.0063277	0.000337292
2168	100	-0.00198106	0.000276632
2172	100	-0.00297878	0.000371687
2173	100	-0.00275084	0.000337189
2174	100	-0.000403165	0.000240686
2175	100	-0.0010744	0.00025143
2176	200	-0.00293774	0.000291088
2178	100	-0.00268995	0.000344444
2179	100	-0.00322387	0.000274947
2182	100	-0.00219736	0.000284357
2184	200	-0.000916812	0.000265763
2189	100	-0.00223977	0.000459902
2190	100	-0.00276578	0.000294355
2193	200	0.000165786	0.000343665
2195	200	-0.00378131	0.000315074
2197	100	-0.00299094	0.000318593
2198	100	-0.000840258	0.000284291
2201	200	-0.00247194	0.00060508
2208	200	-0.00129961	0.000356332
2210	100	-0.00487405	0.000287244
2214	300	-0.000409348	0.000336155
2216	100	-0.00416677	0.000272054
2217	400	-0.00145178	0.000359925
2218	100	-0.00478987	0.000434282
2219	100	-0.00407901	0.000306943
2220	100	-0.00131084	0.000269972
2221	100	-0.00614542	0.000369378
2223	100	0.00057327	0.000344028
2224	100	-0.00017117	0.000323515
2226	300	-0.00242839	0.000276625
2235	100	-0.00295993	0.000290463
2238	100	0.000906256	0.000286001
2239	100	-0.00354853	0.000297369
2240	100	-0.00382385	0.000324666
2241	200	-0.00363625	0.000291016
2244	200	-0.00169995	0.000382889
2245	100	0.0019072	0.000394478
2246	100	-0.00392888	0.000386922
2248	100	-0.000758774	0.000388057
2250	100	0.00102634	0.000261837
2252	300	-0.00275717	0.000370782
2255	300	-0.00102448	0.000255564
2258	100	-0.00578837	0.000332622
2259	200	-0.00134412	0.000256243
2261	200	-0.000742602	0.000322697
2262	300	-0.0029238	0.000279969
2269	100	-0.00141679	0.000400284
2270	100	-0.00517251	0.000307676
2272	100	-0.00253633	0.000373981
2273	100	-0.00336785	0.00027396
2274	100	0.00305737	0.00232724
2277	200	-0.00539007	0.000290914
2278	100	-0.00483614	0.00028204
2279	100	-9.9222e-05	0.000245626
2281	100	-0.00353002	0.00030719
2283	100	0.000306691	0.000288083
2286	100	-0.00166106	0.000386716
2291	200	-0.00523017	0.000314201
2292	100	-0.00118926	0.000960294
2296	200	-0.000595053	0.000279264
2298	200	-0.000967929	0.000265886
2299	100	0.000792456	0.000290629
2300	100	-0.00296771	0.000349085
2302	200	-0.00165928	0.000323105
2305	300	-0.00238293	0.000326776
2306	100	-0.00319094	0.000377928
2307	100	-0.00347746	0.000251276
2308	100	0.00169383	0.000287559
2309	100	-0.00173777	0.000330958
2311	200	-0.0045646	0.000284122
2313	100	-0.00218513	0.000253901
2318	100	-0.000969713	0.00031212
2319	100	-0.00445332	0.000294468
2320	200	0.00178145	0.000525028
2321	100	-0.00140517	0.000205329
2322	200	-0.00281461	0.000335173
2324	400	-0.00293583	0.000355746
2326	100	-0.00405329	0.000359905
2328	100	-0.00266259	0.000325941
2330	100	2.27887e-05	0.000291026
2332	200	-0.00232422	0.000295969
2334	100	-0.00361964	0.000236041
2335	100	-0.00471671	0.000318246
2336	100	-0.00243958	0.000298381
2337	200	-0.00348994	0.000264594
2339	100	-0.00339119	0.000374088
2340	100	-0.00285184	0.000238522
2341	200	-0.00137285	0.000250357
2344	100	-0.00400626	0.000347747
2345	200	-0.00174128	0.000361548
2346	100	-0.00368346	0.000297514
2349	300	-0.000364581	0.000271089
2350	100	-0.00328491	0.000326479
2351	100	-0.0030619	0.000316215
2353	200	-0.00235322	0.000403053
2359	100	-0.000997414	0.000331199
2360	100	-0.000274847	0.000299797
2361	100	-0.00205494	0.000257131
2368	200	-0.00206579	0.00028848
2369	100	-0.00451589	0.000375867
2370	200	0.0012694	0.000357711
2371	100	-8.15225e-05	0.000316446
2373	200	-0.00127828	0.000388778
2376	100	0.000878334	0.000550555
2378	100	-0.00233383	0.000310395
2379	100	-0.00336503	0.000275991
2385	200	-0.00353545	0.000343309
2386	100	-0.00336115	0.000380461
2390	100	-0.00230745	0.000255849
2395	100	0.00264855	0.000422476
2396	100	0.000917133	0.00078795
2398	100	-0.00435045	0.000255084
2400	100	-0.00476627	0.000242678
2401	200	1.12558e-05	0.000317648
2402	200	-0.000658516	0.000283841
2403	100	0.0047054	0.000278481
2408	200	-0.00385319	0.000391626
2411	100	-0.00408713	0.000260904
2412	200	-0.000869407	0.000715886
2413	200	-0.00298135	0.000307267
2416	100	-0.0021857	0.000264548
2417	100	-0.00240157	0.000333972
2418	200	-0.00253578	0.00027198
2420	100	-0.00136404	0.000246849
2422	100	-0.00198336	0.000263924
2423	100	0.00031636	0.000271126
2424	100	-0.00044756	0.000294296
2425	100	-0.00256929	0.000318431
2428	100	-0.000544546	0.000471893
2429	100	-0.00210038	0.000331979
2430	100	-0.00124915	0.000258957
2434	100	0.000921834	0.000353804
2436	100	-0.000626691	0.00030188
2437	100	-0.00418581	0.000273491
2438	100	-0.00332152	0.000345022
2439	200	-0.0013261	0.000364509
2440	100	-0.000789841	0.000345889
2441	100	-0.00531816	0.000304076
2442	100	-0.00145808	0.00032861
2446	100	-0.0012166	0.000347674
2447	100	-0.0039508	0.000260038
2448	100	-0.00295431	0.000256832
2449	300	0.000211794	0.000303906
2451	100	0.00014329	0.000308499
2452	100	-0.00334982	0.000395846
2456	100	-0.00162052	0.000278044
2458	100	-0.000293174	0.000265216
2462	100	0.000375179	0.000262146
2463	200	-0.0027437	0.000293219
2466	100	0.000145545	0.000295569
2467	100	-0.00386799	0.00032555
2469	300	-0.000365302	0.000291673
2470	100	0.00211093	0.000219792
2471	100	-0.00333796	0.000310247
2472	100	-0.00039885	0.000353831
2473	100	-0.00246827	0.000347724
2475	100	-0.000524874	0.000257525
2477	200	-0.000795557	0.000265278
2479	100	-0.00130593	0.000322267
2480	100	-0.00373552	0.000330179
2482	100	0.000804585	0.000260557
2484	200	4.32593e-05	0.000446711
2486	100	-0.000435043	0.00021955
2487	100	0.000810763	0.000346798
2488	100	-0.00168023	0.000249989
2489	200	-0.00168999	0.000251907
2491	200	-0.0036956	0.00034716
2492	100	-0.00255258	0.000338915
2493	200	-0.0017378	0.000295288
2495	100	-0.0037525	0.000307582
2496	100	-0.000842914	0.00031072
2497	100	-0.00155573	0.000334496
2499	200	-0.000564376	0.000327326
2500	100	-0.00191051	0.000265913
2501	200	-0.00364189	0.000328231
2502	100	-0.00088421	0.000311035
2506	100	0.000643538	0.000250599
2507	100	-0.00197457	0.000275859
2509	200	-0.00252392	0.000358222
2510	100	-0.00390233	0.000265731
2511	100	-0.00383363	0.00024278
2512	100	-0.00177707	0.000276985
2513	100	0.00166533	0.000327858
2515	100	0.0034587	0.000332634
2516	200	-0.00142548	0.000302889
2517	100	-0.00417343	0.000288021
2519	100	-0.000852253	0.00025278
2520	100	0.00132067	0.000220945
2521	100	0.00567786	0.00671056
2524	100	-0.00238113	0.000256864
2525	100	-0.00282931	0.000274311
2528	100	-0.00301895	0.000334872
2532	100	-0.00112011	0.000219345
2533	100	-0.00268434	0.0002479
2534	200	-0.00123941	0.000339984
2541	100	-0.00129709	0.000324084
2542	100	-0.00181924	0.000652282
2545	100	-0.00229974	0.000917379
2547	100	-0.0027782	0.000331683
2551	100	-0.00476893	0.000302414
2553	100	-0.000903147	0.000288649
2557	100	-0.00402631	0.000306568
2558	100	-0.00424406	0.000329616
2560	100	-0.000762193	0.000277119
2562	100	-0.00430478	0.000202874
2564	100	-0.00397678	0.000295326
2565	100	-0.0031925	0.000269625
2566	100	-0.000294571	0.000395854
2568	100	-0.00199362	0.000288039
2569	100	-0.00380949	0.000287643
2571	100	-0.00201316	0.000367137
2572	200	-0.00225134	0.000399165
2574	100	-0.00100949	0.000316272
2575	100	-0.00232595	0.000332579
2577	100	-0.00531711	0.000259044
2578	100	-0.00320619	0.000287986
2581	200	-0.0023361	0.000364502
2582	100	-0.00482258	0.000188492
2585	100	0.000404523	0.000277969
2587	200	-0.00239566	0.000299468
2588	200	-0.00252214	0.000286955
2589	100	-0.00103677	0.000281092
2590	200	-0.00417217	0.000317081
2591	100	0.0014517	0.00074659
2592	100	-0.00147237	0.000235415
2593	100	-0.00547754	0.000288069
2594	100	-0.00340751	0.000288338
2597	100	-0.00331206	0.000259404
2599	100	-0.00299063	0.000310075
2600	200	-0.000228876	0.000289764
2602	200	-0.00341509	0.000324438
2605	100	-0.000488274	0.000303954
2608	100	-0.000805288	0.000207847
2609	200	-0.00206008	0.000351126
2610	100	-0.00133917	0.000325805
2611	100	-0.00112589	0.00032385
2612	100	0.00161005	0.000256875
2613	200	-0.000173899	0.0003518
2615	100	-0.000764768	0.000267569
2618	300	-0.0030083	0.000433094
2620	100	-0.00192065	0.000317282
2621	200	-0.000830407	0.000400261
2623	200	-0.00310857	0.000265988
2626	300	-0.00180984	0.000278318
2628	100	0.000578742	0.000290962
2629	100	0.000273973	0.000253153
2631	100	-0.00443509	0.000246596
2636	100	-0.00329406	0.000366769
2637	100	-0.00250427	0.000360727
2640	100	-0.00120087	0.000266553
2642	100	0.00139967	0.000259955
2646	100	-0.00160662	0.000294176
2647	100	-0.00069676	0.000294627
2648	100	-0.000733139	0.00114459
2650	100	-0.000700119	0.000250268
2653	100	-0.00421894	0.000265197
2655	100	-0.000976696	0.000370385
2657	200	-0.00129321	0.000262138
2659	100	-0.000736722	0.000284641
2660	100	-0.00402219	0.00039147
2661	100	-0.00217705	0.000291984
2663	100	0.000900301	0.000299754
2669	100	-0.00201624	0.000254061
2671	100	0.000333285	0.000296836
2672	100	-0.0021478	0.000409098
2675	200	-0.00107671	0.000294702
2678	200	-0.000778867	0.000238001
2679	200	-0.000397544	0.000314183
2680	100	0.00110679	0.000429315
2682	200	-0.00134309	0.000254281
2686	100	-0.000782423	0.000275179
2688	100	0.00195987	0.000271385
2692	100	-0.00177114	0.000301547
2694	100	-0.00212032	0.00024974
2695	100	-0.00265025	0.000301709
2698	100	-0.000866277	0.000325888
2699	100	-0.00136616	0.00035546
2702	100	-0.000533435	0.000347783
2703	100	-3.93254e-05	0.000293249
2705	200	-0.00202188	0.00029468
2711	200	-0.00109775	0.00030085
2712	100	0.000684315	0.000250343
2717	100	-0.00159934	0.000278303
2718	100	0.00325258	0.000654518
2719	100	-0.00254999	0.000248536
2721	100	0.00288706	0.000284899
2722	200	2.79715e-05	0.00034842
2723	100	-0.0055062	0.000254147
2724	100	0.00347909	0.000298325
2725	300	-0.00278345	0.000284051
2730	100	-0.00383124	0.000326513
2732	200	0.000848022	0.000336094
2733	100	-0.00131256	0.000321393
2736	200	-0.000154462	0.000332261
2737	100	-6.81333e-05	0.000289438
2740	100	-0.000269659	0.000276457
2742	100	-0.00223373	0.000280615
2743	200	5.97333e-05	0.000287855
2748	200	-0.00134698	0.000350893
2753	100	-0.000194144	0.000270393
2754	100	-0.00662771	0.00029784
2757	100	0.000324538	0.000299822
2758	100	-0.00113414	0.000318836
2760	300	-0.00200509	0.000269141
2761	100	-0.00304939	0.00035593
2767	200	-0.003404	0.00030859
2769	200	-0.00208634	0.000263957
2770	100	0.00150407	0.000474534
2772	100	-0.00157422	0.000205625
2776	200	0.000220489	0.000320623
2780	100	-0.00373553	0.00030498
2789	100	0.00242508	0.000555303
2794	100	-0.00256394	0.000297038
2797	100	-0.000931388	0.000312014
2803	100	-0.0021113	0.000304559
2804	200	-0.00257218	0.000292929
2809	100	-0.00292327	0.000410574
2812	100	-0.0012885	0.000222443
2814	100	-0.00091336	0.000360302
2818	200	-8.396e-05	0.000242438
2819	100	-0.000917051	0.000373226
2821	100	0.00239494	0.000674802
2824	100	-0.00146374	0.000363387
2826	100	-0.00145906	0.000487614
2831	100	-8.88063e-05	0.000336134
2834	100	-0.000449882	0.000300201
2836	100	-0.00313211	0.000345009
2837	200	-0.00343173	0.000308568
2838	100	-0.00105496	0.000290945
2839	100	0.000632939	0.000409687
2840	100	-0.00170812	0.000276361
2846	100	-0.00185813	0.000330025
2847	100	-0.00380237	0.000214122
2849	100	0.00178643	0.000334474
2855	100	-0.00206861	0.000257713
2856	200	-0.00365111	0.000199071
2857	100	-0.00156833	0.000329527
2863	100	-0.000534058	0.000298043
2865	100	-0.00185794	0.00023891
2866	100	-0.00328018	0.000235314
2869	100	0.00149014	0.000364394
2872	100	-0.00225392	0.000297876
2873	100	0.00383194	0.000254475
2875	100	-0.0021334	0.000284175
2876	200	-0.00112019	0.000295255
2879	100	0.000152096	0.000290573
2895	100	-0.00237771	0.000254686
2900	100	0.0010204	0.000288641
2902	100	-0.000359596	0.0002645
2904	100	-0.00239196	0.000262868
2909	100	0.000706315	0.000330162
2911	100	-0.000874479	0.000281383
2921	100	-0.00102644	0.00025391
2925	100	-0.00142655	0.000251822
2940	100	-0.00091796	0.000295611
2942	100	-0.00140188	0.000227042
2975	100	0.00397258	0.0003329
2979	200	-0.00251882	0.000278214
2981	100	-0.00211852	0.000282084
2998	100	-0.00102159	0.000322298
3003	200	-0.00294925	0.000269974
3004	100	0.00131904	0.000251469
3017	100	0.000584273	0.000201965
3019	100	-0.00254877	0.000335969
3020	100	-0.00361306	0.000288959
3025	100	-0.00157766	0.000294451
3027	100	-0.00291221	0.000237813
3029	100	0.00132867	0.000345059
3033	100	-0.00180942	0.000274302
3039	100	-0.000139048	0.000366535
3043	100	-0.00138095	0.000223153
3044	100	0.00123021	0.000229946
3046	100	0.000916573	0.000280645
3055	100	0.00303136	0.000292923
3062	100	-0.00548344	0.000378325
3063	100	5.11548e-05	0.000310018
3065	100	0.00189567	0.000261315
3069	100	0.00125576	0.000251441
3075	100	0.002053	0.000306481
3076	100	-0.00188864	0.000263492
3078	100	-0.000755534	0.000302467
3080	100	-0.00393226	0.00026692
3082	100	-0.00306097	0.000344538
3084	100	-0.000121987	0.000349453
3085	100	0.00334028	0.000331139
3106	100	-0.00365693	0.000301254
3117	200	-0.00404247	0.000308379
3119	100	-0.00097742	0.000361599
3124	100	0.00181963	0.000337569
3136	100	0.00165211	0.000259834
3137	100	0.00194626	0.000238442
3138	100	-0.00339817	0.000286753
3140	100	0.000485064	0.000253257
3151	100	-0.00271307	0.000215162
3155	100	-0.000566173	0.00030401
3166	100	-0.00128557	0.000302898
3167	100	-0.00310124	0.00030603
3172	100	-0.000728783	0.000407235
3176	100	0.00124322	0.000432685
3179	100	-0.00213466	0.000378725
3186	200	-0.000483398	0.000285853
3192	100	-0.000743957	0.000280115
3193	100	-0.00217422	0.000381242
3199	100	-0.00186125	0.00027685
3210	100	-0.0010556	0.000242629
3216	100	0.00416094	0.000346331
3220	100	-0.00174018	0.000334684
3221	100	-0.000542728	0.000295208
3242	100	0.00254867	0.000284405
3244	100	0.000720889	0.000300013
3250	100	-0.00132901	0.000292414
3255	100	-0.00186136	0.000296844
3259	100	-0.00309986	0.000292633
3261	100	-0.00176946	0.000256667
3275	100	-0.00186221	0.000354323
3278	100	-0.00624095	0.000269445
3281	100	0.000292236	0.000253956
3286	100	0.00442898	0.00036132
3287	100	0.00128482	0.000364447
3296	100	-0.000581266	0.000336864
3298	100	-3.82426e-05	0.000276229
3304	100	-0.00135605	0.000227068
3306	100	-0.00224476	0.000251408
3313	200	-0.000894051	0.000230563
3316	100	0.00183047	0.000321983
3328	100	-0.00438961	0.000482135
3347	100	0.00110722	0.000230998
3350	100	0.000326772	0.000268273
3354	100	-0.000981064	0.000319653
3356	100	0.00290512	0.000273871
3360	100	0.000229608	0.00055504
3366	100	0.000420343	0.000262467
3368	100	-0.00281681	0.000298112
3373	100	-0.00299488	0.000302116
3374	100	-0.000737743	0.000311514
3375	100	8.81521e-05	0.000304065
3379	200	-0.000474518	0.00035026
3381	100	-0.0020471	0.000250717
3384	100	-0.000332342	0.000255494
3389	200	0.000363966	0.00112298
3390	100	-0.00139876	0.000233826
3401	100	-0.00331411	0.000289121
3405	100	-0.000676378	0.000279343
3414	200	0.000717359	0.000311269
3430	100	-0.00230104	0.000283903
3436	100	-0.00154177	0.000309338
3438	100	-0.00209206	0.000317433
3442	100	0.00190826	0.00024319
3446	100	0.00324269	0.000738761
3455	100	-6.03304e-05	0.000302551
3458	100	0.000393442	0.000263025
3461	100	-0.000493841	0.000219093
3468	100	0.00149587	0.000346411
3472	100	-0.00348453	0.000247278
3475	100	-0.00119328	0.000335494
3480	100	-0.00303413	0.000311881
3487	100	-0.000329903	0.000304125
3488	100	9.70864e-05	0.00024104
3495	100	-0.00101876	0.000258606
3496	100	-0.000844814	0.000335479
3503	100	-0.00384352	0.000335323
3510	100	-0.00109301	0.000238379
3525	100	-0.00186277	0.000361731
3530	100	0.00146273	0.000276316
3535	100	2.03413e-05	0.000254375
3540	100	0.00173173	0.000287689
3548	100	-0.00115539	0.000296167
3549	100	-0.000834656	0.00021486
3550	100	-0.000762931	0.000353394
3554	200	-0.000919356	0.00035307
3557	100	0.00275443	0.000261203
3558	100	0.00302664	0.000368866
3561	100	-0.00231597	0.00027327
3568	100	0.000962513	0.000332787
3570	100	0.00385927	0.00028643
3578	100	0.000951677	0.000235638
3584	200	-0.000240674	0.000277338
3588	100	0.00103341	0.000293226
3591	100	0.00405183	0.000421614
3600	100	-0.0019257	0.000281899
3602	100	-0.00183062	0.000299677
3605	100	-0.0025307	0.000299304
3611	100	-0.00144205	0.000256552
3634	100	-0.000351845	0.000286688
3635	100	-0.00257316	0.000288309
3636	100	-0.00169466	0.00029089
3644	100	0.00103007	0.000247383
3648	100	-0.00101911	0.000595085
3650	100	-0.00141522	0.000220451
3658	100	-0.000169995	0.000289623
3661	100	0.00128335	0.000326795
3664	100	0.000574867	0.000266874
3678	100	-0.00080345	0.000224448
3680	200	-0.00043404	0.000282768
3693	100	0.00353499	0.000218088
3698	100	-0.000447066	0.000386947
3705	200	0.00115263	0.00030555
3712	100	0.00220253	0.000404796
3725	100	-0.000342205	0.000315089
3735	200	-0.000506005	0.000373269
3748	100	-5.23186e-05	0.000246059
3754	100	0.000670038	0.000227425
3761	100	0.00279535	0.000239812
3766	100	0.00175514	0.000272603
3770	100	-0.00018961	0.000289488
3772	100	-0.000774671	0.000286168
3776	100	-0.00109707	0.000291593
3781	100	-0.00298311	0.000399025
3795	100	-0.00227418	0.000350142
3798	100	-0.00210467	0.00029381
3803	100	0.00207208	0.000344991
3807	100	-0.000569713	0.000298027
3808	100	0.000382828	0.000311846
3827	100	-0.00025723	0.000223814
3831	100	-0.00118118	0.000368765
3833	100	0.00245992	0.000264628
3839	100	5.65086e-05	0.000243846
3848	100	-0.00281503	0.000309945
3852	200	-0.00214864	0.000305911
3854	100	-0.000683955	0.000281384
3894	100	-0.00130592	0.000333774
3902	100	-0.000751893	0.000273669
3904	100	-0.00121898	0.000369395
3906	100	-0.00237979	0.000412438
3909	200	-9.79777e-05	0.000314673
3914	100	9.39581e-05	0.000322249
3915	100	0.000554631	0.000269095
3916	100	0.00251779	0.000274803
3927	100	0.0039677	0.000262175
3934	100	-0.00236048	0.00027129
3945	100	0.000217529	0.00029506
3947	100	-0.00116485	0.000262933
3949	100	-0.00135602	0.000227287
3970	100	-0.00131018	0.000321928
3973	100	1.73418e-05	0.00030268
4001	100	-0.0030122	0.000296745
4021	100	-0.00110595	0.000327598
4022	100	-0.000524175	0.00033549
4028	100	-0.00136881	0.000204508
4042	100	0.000561701	0.000289349
4058	100	-0.000879779	0.000254315
4062	100	-0.0021306	0.000242805
4064	100	-0.00231734	0.000255344
4070	100	-0.000282662	0.000282456
4071	100	-0.000953098	0.000324588
4076	100	0.00109552	0.000289507
4082	100	-0.000402417	0.000287187
4084	100	-0.000155393	0.000322708
4095	100	0.00137399	0.000284694
4096	100	8.0682e-05	0.000282043
4102	100	0.00202413	0.00033399
4120	100	0.00154225	0.000290866
4126	100	0.000763689	0.000361375
4143	100	0.00186796	0.000267943
4151	100	0.00200824	0.000243295
4154	200	0.000157858	0.000381418
4158	100	-0.0042724	0.000378608
4168	100	-0.000226461	0.000300438
4170	100	-0.00221922	0.000280007
4178	100	-0.00143664	0.000283927
4182	100	0.00263238	0.000294378
4195	200	-0.00209136	0.000242967
4199	100	0.0022074	0.00030116
4200	100	-0.00110679	0.000246257
4208	100	-0.00139707	0.000346911
4215	100	-0.00281597	0.0002139
4230	100	0.00143965	0.000274973
4241	100	-0.0010558	0.000246906
4248	100	-0.000926734	0.000198751
4269	100	-0.000737807	0.000273313
4274	100	0.000198966	0.000278287
4282	100	0.000420336	0.000306331
4297	100	-0.000662683	0.000288526
4304	100	-0.00152656	0.000269435
4308	200	0.000792145	0.000360367
4310	200	-0.00223117	0.000271915
4316	100	-0.000266614	0.000324642
4317	100	0.000456601	0.000236335
4321	100	-0.0011185	0.000286924
4324	100	-0.000178978	0.000211409
4342	100	-0.00546635	0.000296541
4345	100	0.000714309	0.000238081
4348	100	0.00207805	0.000261448
4358	100	0.00158313	0.000284688
4359	100	0.000275767	0.000308641
4365	100	0.00182114	0.000329323
4366	100	-0.00139816	0.000333519
4389	100	-0.000135492	0.000272964
4391	100	0.000670146	0.000249405
4393	200	0.00110208	0.000275495
4400	100	-0.00419045	0.000351341
4405	100	-0.0014555	0.000271964
4406	100	0.00178416	0.000292875
4410	100	-0.000240022	0.000262593
4420	100	0.00083173	0.000270621
4421	100	0.00119765	0.000302312
4424	100	0.000350614	0.00030545
4425	100	-0.00361417	0.000235738
4435	100	0.00197716	0.000355088
4439	100	-0.00101649	0.000289829
4441	100	0.000415012	0.000345246
4443	100	0.00014982	0.000352578
4449	100	-0.00250692	0.000269054
4451	100	-0.000491734	0.000369784
4454	100	-0.000594063	0.000276431
4457	100	-0.000767966	0.000208469
4461	100	0.00280215	0.000310787
4463	100	0.00262199	0.000392428
4466	100	-0.0025952	0.000257247
4469	100	0.00158264	0.000317038
4480	100	-6.72498e-05	0.000333684
4490	200	-0.00165292	0.000280709
4491	100	0.00233005	0.000277129
4499	100	-0.00413009	0.000347324
4503	100	-0.00102713	0.000298221
4517	100	0.00277766	0.00035546
4522	100	-0.000420567	0.000229881
4547	100	0.00113659	0.000235909
4566	100	-0.00319693	0.000244404
4575	100	-0.00101908	0.000331869
4593	100	-0.00017848	0.000226216
4596	100	-0.00323257	0.000239974
4602	100	-0.00151453	0.000289821
4604	100	0.000691118	0.000308261
4609	100	-0.000275264	0.000255855
4612	100	-0.000788057	0.000278551
4618	100	5.34642e-05	0.000198472
4632	100	-0.000556917	0.000260587
4639	100	-0.000916917	0.000287568
4640	100	0.000406775	0.000285682
4660	100	0.000903878	0.0002864
4662	100	-0.00263074	0.000267278
4663	200	0.00128847	0.000296333
4674	200	0.000799503	0.000289177
4681	100	-0.00323489	0.000255013
4706	100	-0.00260947	0.000349971
4707	100	0.000182895	0.000238085
4708	100	0.00223504	0.000433699
4714	100	-0.000328374	0.000335711
4717	100	0.000490175	0.00026075
4721	200	0.000105224	0.000291047
4739	100	-0.000548007	0.000277789
4759	100	0.000845558	0.00023489
4765	100	-0.000826787	0.000316128
4778	100	0.000540507	0.000293302
4781	100	0.00144123	0.000347415
4790	100	-0.000611617	0.000287217
4794	100	0.00253249	0.000322595
4798	100	0.000335814	0.00021315
4820	100	-0.00164293	0.00029841
4824	100	0.00179444	0.000198307
4826	100	-0.000410537	0.000289758
4827	100	-0.00123001	0.000253978
4828	100	3.51664e-06	0.000288555
4831	100	-0.00256808	0.000201954
4839	100	0.00210336	0.000819402
4841	100	-0.000843255	0.000259623
4847	100	0.0039272	0.000263046
4855	100	-3.56286e-05	0.00033267
4865	100	-0.000572942	0.000287175
4888	100	-0.000567743	0.000235909
4891	100	0.00157443	0.000266733
4894	100	-0.00168462	0.000312484
4896	100	-9.9069e-05	0.000714787
4904	100	0.000481895	0.000286784
4929	100	-0.00218841	0.000350385
4931	100	-0.00232916	0.000239462
4946	100	0.00179421	0.00023877
4975	100	0.00206613	0.000327921
5018	100	0.000784447	0.000443492
5026	100	-0.0018218	0.000285906
5035	100	0.00144438	0.000363938
5040	100	-0.00258949	0.000277855
5067	100	2.79617e-05	0.000265408
5089	100	-0.00207689	0.000283288
5099	100	-0.000354829	0.000235735
5105	100	-0.00137469	0.000297047
5125	100	-0.0016032	0.00036514
5142	100	-0.000218156	0.00031702
5152	200	-0.00123242	0.00025168
5166	200	-0.00236984	0.000281386
5172	200	-0.000100076	0.000300923
5175	100	0.000226335	0.000286197
5191	100	-0.00209796	0.000331525
5192	100	-0.000355595	0.000270343
5198	100	-6.37606e-05	0.00027421
5199	100	-0.000241206	0.00032962
5201	100	-0.000522545	0.000276904
5217	200	0.000352659	0.000280561
5223	100	-0.00123135	0.000361761
5241	100	-0.00613574	0.000305696
5252	100	0.00110812	0.000293937
5269	100	-0.000850242	0.000276126
5271	100	-0.000948828	0.000232759
5284	100	0.000337517	0.000323024
5330	100	-0.00356462	0.000326526
5333	100	-0.000275459	0.000299565
5356	100	-0.000883815	0.000259445
5385	100	-0.000641124	0.000205287
5407	100	-0.00234103	0.000273893
5414	100	0.000506251	0.000276585
5427	100	-4.58752e-05	0.000304394
5442	100	0.00146512	0.000219282
5499	100	-0.000687446	0.00028393
5504	100	0.00220195	0.000315507
5507	100	-0.00261013	0.000303264
5508	200	0.000534563	0.000271322
5510	100	0.001433	0.000375145
5512	100	0.000263316	0.000312325
5534	100	0.00145333	0.00026648
5544	100	-0.00227598	0.000304734
5611	100	-0.000838424	0.000219898
5617	100	-0.00199059	0.000236623
5641	100	-0.000556871	0.000274478
5694	100	0.000297161	0.000307328
5730	100	0.00011132	0.000224239
5767	100	-0.000876999	0.000317723
5825	100	0.00175736	0.000235316
5828	100	0.0020642	0.000302378
5847	100	0.000904848	0.000301154
5892	100	0.00139002	0.000353473
5897	100	0.000417168	0.000315298
5974	100	-0.00300979	0.000335974
5981	100	-0.00131221	0.000285473
6000	100	0.00120394	0.000309367
6018	100	0.00225851	0.000250599
6040	100	0.000631288	0.000326144
6053	100	0.000622612	0.000184234
6058	100	-0.000636428	0.000256237
6066	100	-0.00142361	0.000305898
6073	100	0.000955384	0.000298088
6078	100	0.00124697	0.000313849
6084	100	-0.000217921	0.00034274
6087	100	0.000742389	0.000343967
6094	100	0.00149726	0.000289291
6098	100	-0.00236322	0.00039089
6111	100	-0.00103843	0.000286847
6125	100	0.000289667	0.000272052
6147	100	-0.00128663	0.000301013
6150	100	-0.00129081	0.000250798
6157	100	0.0021353	0.000321491
6166	100	-0.00498891	0.00029521
6178	100	0.000115418	0.00023672
6206	100	0.000318684	0.000243948
6210	100	-0.000131844	0.000320209
6214	100	8.42061e-05	0.000327703
6220	100	3.57938e-05	0.000300335
6243	100	-0.00383789	0.00028512
6244	100	-0.00111936	0.000295262
6253	100	-0.00137346	0.00037363
6260	100	0.000883017	0.000260477
6262	100	-0.00162751	0.000340552
6264	100	-0.00117674	0.000290982
6293	100	-0.000647707	0.00034378
6303	200	-0.00106215	0.000332974
6325	100	0.0010731	0.00026382
6326	100	-0.00211279	0.000284809
6329	100	-0.000226402	0.00027333
6330	100	0.0005814	0.000283447
6332	100	-0.00237106	0.000263333
6340	100	-0.00117921	0.000316985
6350	100	-0.00101211	0.000296601
6362	100	-0.00268692	0.000347001
6363	100	-0.0040067	0.000398214
6370	100	-0.00213597	0.000307335
6371	100	-0.00314351	0.000324497
6375	200	-0.000131387	0.000380075
6376	100	-0.00158338	0.000216016
6383	100	0.000948197	0.000242542
6387	100	-0.00334096	0.000320337
6391	100	-0.000771818	0.000271927
6402	100	0.00105396	0.000462476
6414	100	-0.000465117	0.00031611
6418	100	0.00175191	0.000292023
6437	100	-0.00124405	0.000349943
6439	100	0.00233864	0.000315971
6440	100	-0.001372	0.00027398
6441	100	-0.000121567	0.000313663
6457	100	-0.000513277	0.000401455
6468	100	0.0014887	0.000301241
6472	200	-0.000613927	0.000309924
6479	100	0.00159229	0.000390927
6480	100	0.000321842	0.000277235
6484	100	-0.000668408	0.000261002
6485	100	0.000425052	0.000348127
6491	100	0.000102554	0.000309352
6493	100	-0.000724143	0.000299117
6495	100	-0.00332695	0.000319614
6500	100	0.000468684	0.000296213
6506	100	0.00216661	0.000327873
6511	100	-0.00447132	0.000262311
6516	200	-0.000232484	0.000325662
6521	100	-0.000786946	0.00028536
6530	100	0.00214472	0.000293683
6541	100	-0.000654117	0.000354218
6551	100	0.00106235	0.000288749
6555	100	-0.00252763	0.000283195
6557	100	0.0014571	0.000380602
6565	100	-0.000349421	0.000234359
6569	100	-0.00160559	0.000292059
6595	100	0.000483564	0.000383339
6601	100	0.000986183	0.0003992
6602	100	-0.00292228	0.000327217
6604	200	-0.00198756	0.000349323
6614	200	-0.00124	0.000303691
6616	100	-0.00121464	0.000291184
6628	100	1.90577e-05	0.000393144
6634	100	-0.000952432	0.000308258
6638	100	-0.000840705	0.000432893
6644	100	-0.00115887	0.000227208
6655	100	-0.000839339	0.000271298
6661	100	-0.00196517	0.000339629
6666	100	0.00238432	0.000307287
6669	100	-0.0020193	0.000324083
6671	100	2.63338e-05	0.000291359
6674	100	0.00273106	0.000383417
6678	100	-0.00191759	0.000342315
6698	100	0.00161753	0.000336934
6706	100	-0.00353005	0.000355492
6708	100	-0.00143014	0.000252001
6715	100	-0.000904373	0.000275249
6716	100	0.000473191	0.000293017
6719	100	0.000308915	0.000279133
6728	100	-0.00210646	0.000230399
6731	200	8.8568e-05	0.000301566
6737	100	-0.00232891	0.000292418
6741	100	-0.000605754	0.000331794
6744	100	-0.00164539	0.000240817
6745	100	0.00035949	0.00032229
6749	100	-0.00166858	0.000264047
6754	100	-0.000542445	0.000355879
6762	100	-0.00294595	0.00022966
6767	100	0.000364291	0.000264036
6787	100	0.00233303	0.000323812
6793	100	-0.0017323	0.00026438
6804	100	0.0014256	0.000305578
6813	100	-0.00441798	0.000341732
6815	100	-0.00399329	0.00027084
6816	100	-0.0030538	0.000277707
6819	100	-0.00165227	0.000265948
6820	100	-0.00100937	0.000351733
6823	100	0.000698777	0.000226027
6826	100	0.00021479	0.000309989
6829	100	-0.0022174	0.000263298
6831	100	0.00131028	0.000276023
6834	100	0.00269441	0.000280471
6839	100	-0.00224942	0.000320739
6844	100	-0.000308928	0.000325472
6847	100	-0.00199566	0.000323851
6856	100	-0.000495234	0.000302113
6861	100	-0.000907746	0.000402362
6862	100	-0.0010716	0.000279291
6869	100	-0.000124535	0.000252643
6881	100	-0.000951741	0.000277296
6896	100	-0.000292981	0.000280474
6902	100	-0.000963955	0.000334372
6903	100	-0.00144452	0.00033846
6905	100	0.00158295	0.000343834
6920	200	-0.00217819	0.000305634
6928	100	-5.56199e-05	0.000258271
6929	100	-0.0027803	0.000349751
6940	200	0.000182835	0.000283715
6944	100	-0.00103495	0.000234381
6946	100	-0.00145428	0.000271743
6953	100	-0.000647735	0.000276119
6961	100	0.00184829	0.000323401
6962	100	0.000151423	0.00035327
6976	200	-0.00134293	0.000269604
6978	100	-0.000243924	0.000344183
6990	100	-0.000846446	0.000270985
6992	100	0.00182517	0.00027583
6997	100	0.00151619	0.000299533
7012	100	-0.0018334	0.000308003
7013	100	-0.0041452	0.000277784
7016	100	-0.00174179	0.000289718
7021	100	-0.000311965	0.000256785
7024	100	8.51978e-05	0.000339124
7047	100	-0.00100422	0.000272097
7058	100	0.000700487	0.000233831
7059	100	-0.000748859	0.000317585
7071	200	-5.3733e-05	0.000315712
7080	200	-0.000406692	0.000403548
7084	100	-0.00203531	0.000288602
7093	100	-0.00229412	0.00043495
7095	100	-0.000982574	0.000257801
7103	100	0.000869969	0.000351955
7121	100	-0.00295686	0.000314732
7127	100	0.00251452	0.0003953
7146	100	-0.00157786	0.000291031
7147	100	-0.000926809	0.000356735
7156	100	-0.00344424	0.000253674
7192	100	-0.00257212	0.000289826
7199	100	0.000576168	0.00023059
7217	100	-0.00363808	0.000344571
7224	100	0.0019682	0.00033425
7235	100	-0.00132118	0.000309762
7239	100	-0.000772301	0.000272889
7249	100	0.000520062	0.000238723
7252	100	-0.0015507	0.000326848
7256	200	-0.00103141	0.000287754
7261	100	-0.000836339	0.000275424
7266	100	-0.000426442	0.000285215
7277	100	-0.000820107	0.000238301
7284	100	0.0024391	0.000328167
7306	100	-0.00324662	0.000371876
7346	100	-0.00231027	0.000279945
7350	100	0.000911997	0.000210617
7353	100	0.000730139	0.000281922
7354	100	0.000314922	0.000275994
7363	100	-0.000563136	0.000222773
7367	100	4.94243e-05	0.000281626
7368	100	-5.6772e-05	0.000305042
7376	100	-0.00167712	0.000301392
7380	100	-0.00277745	0.00031204
7394	100	-0.000108982	0.00031349
7398	100	0.000227334	0.000276501
7404	100	0.000165726	0.000374326
7419	100	0.000331166	0.000304575
7425	100	-0.0039494	0.000342941
7427	100	-0.00210476	0.000274129
7450	100	-0.0011661	0.000205418
7470	100	-0.00340099	0.000315556
7473	100	-0.00279367	0.000380739
7480	200	-0.000720041	0.000268436
7494	100	-0.00144671	0.000290642
7497	200	0.000381586	0.00032521
7503	100	-0.00393703	0.000251119
7505	100	-0.000332739	0.000289959
7507	100	-0.00170166	0.000263717
7510	100	-0.00162033	0.000342925
7512	100	-0.000683496	0.000283686
7513	100	-0.000494323	0.000296666
7518	200	-0.000107409	0.000303032
7529	100	0.000708107	0.000291538
7542	100	-0.000881603	0.000377098
7546	100	-0.00168337	0.000263818
7549	100	0.000928809	0.000291946
7552	200	-0.00139873	0.000276093
7556	300	-0.0016859	0.000318363
7570	100	0.000880719	0.000411138
7583	100	-0.00177944	0.000255607
7590	100	-0.00199586	0.000244926
7602	100	0.00181654	0.000311495
7609	100	-0.000192885	0.000297379
7612	100	-0.00184132	0.000331053
7619	100	-0.000427039	0.000221583
7621	100	7.13324e-05	0.000262053
7629	100	-0.000300373	0.000250886
7630	100	-0.00169425	0.000305351
7634	100	-0.0019035	0.000326794
7639	100	0.00230285	0.000394896
7642	100	-0.0043452	0.000352725
7643	100	-0.00073022	0.000295212
7650	200	-0.00154122	0.000256383
7659	100	5.75633e-05	0.000306148
7670	100	-0.00126803	0.00032271
7673	100	-0.00235977	0.000294712
7690	100	0.00135131	0.000396039
7704	100	-0.00102008	0.000327799
7706	100	0.00212196	0.000347853
7707	100	0.000103967	0.00026943
7711	100	0.00173922	0.00030389
7712	100	-0.00191939	0.000333086
7719	100	-0.00156684	0.000251601
7722	100	-0.00211801	0.000303134
7724	100	0.000383067	0.000293422
7726	100	0.000825997	0.00026039
7727	100	-0.00188371	0.00032594
7734	100	-0.00556565	0.000272422
7737	100	-0.000512327	0.000309425
7739	100	0.000461349	0.000254246
7742	100	-0.00161218	0.000290957
7745	100	-0.000814734	0.000291437
7748	100	0.000117056	0.000266355
7749	100	0.00236695	0.000264507
7761	200	-0.000793832	0.000302849
7763	100	0.0026673	0.000308726
7773	100	0.00209179	0.000305302
7783	100	1.4249e-05	0.000272428
7796	100	0.00211639	0.000296837
7799	100	-0.000518613	0.000187528
7800	100	-0.00131136	0.000231143
7814	100	-0.0021566	0.000435279
7937	100	-0.00353963	0.000303576
7967	100	-0.000690252	0.000254046
7998	100	-0.00227195	0.000396325
8216	100	-0.000512186	0.000300921
8255	100	0.000363833	0.000203644
8422	100	-0.00197456	0.000271213
8434	100	-0.00011993	0.00030663
8600	100	-0.00205916	0.000299451
8809	100	0.000654343	0.000230396
8894	100	0.000273427	0.00023071
9122	100	5.19635e-05	0.000306025
9486	100	-4.23062e-05	0.000309978
9624	100	0.000722276	0.000254191
9653	100	0.00352852	0.000316692
9704	100	0.00093704	0.000336402
9732	100	4.42354e-05	0.000326958
9876	100	0.00285132	0.000307326
9954	100	-0.00225785	0.000326504
10106	100	-0.00226051	0.000313113
10125	100	-0.000798945	0.000404346
10130	100	-7.97543e-05	0.000307899
10180	100	-0.000786132	0.000288817
10187	100	-0.000377943	0.000305146
10199	100	0.0002833	0.000326208
10269	100	-0.00044277	0.000307202
10320	100	0.00167843	0.000288034
10355	100	0.000528784	0.000292324
10381	100	-0.00229443	0.000303461
10419	100	0.00188434	0.000410319
10448	100	0.00229788	0.000362111
10483	100	-0.00116207	0.000371933
10512	100	0.00130001	0.000273525
10528	100	-0.00380277	0.000382512
10531	100	0.000596766	0.000372744
10533	100	-0.000592306	0.000288721
10538	100	0.000341839	0.000265595
10548	100	0.00430207	0.000294152
10555	100	0.00319519	0.000354733
10583	100	-0.00285723	0.000289205
10589	100	0.000568497	0.000315148
10591	100	0.000323774	0.000274546
10603	100	0.000547614	0.000318844
10608	100	-0.00185192	0.0003421
10644	100	0.00101514	0.000328528
10648	100	0.00183977	0.000445731
10652	100	-0.000161071	0.000327659
10664	100	0.000767938	0.000323588
10684	100	0.000727504	0.000308571
10708	100	-0.0014989	0.000363391
10713	100	0.00433245	0.00038083
10721	100	0.000541972	0.000286894
10723	100	-0.00273205	0.000316726
10743	100	-0.000815134	0.000321646
10747	100	-0.00388924	0.000338514
10761	100	-0.00106861	0.000264763
10769	100	0.000864483	0.000336313
10775	100	-0.00134004	0.000358881
10790	100	0.00382498	0.000371793
10820	100	0.00206202	0.000367641
10829	100	-0.0023139	0.000269312
10833	100	-0.00194782	0.000282934
10841	100	0.00157255	0.000298738
10842	100	-0.00100726	0.000226671
10858	100	-5.57145e-05	0.000350184
10859	200	0.000607099	0.000322359
10862	100	0.000382221	0.000295169
10868	100	0.00191376	0.000269623
10941	100	-0.000221663	0.000317043
10952	100	0.00209399	0.000369783
10961	100	-0.0048318	0.000239129
10980	100	0.00204552	0.000375862
10988	100	0.00309935	0.00035135
11006	100	0.00454229	0.000347872
11010	100	-0.000172846	0.000275823
11027	100	0.000162802	0.000340544
11036	100	0.000351359	0.000334941
11058	100	0.00245875	0.000345499
11084	100	0.000475903	0.00026116
11097	100	0.00282526	0.000227725
11108	100	0.00262749	0.000339594
11160	100	0.00101968	0.000379445
11168	100	0.0014901	0.000306929
11278	100	0.00255604	0.00025467
11402	100	0.000609994	0.000252169
11416	100	-0.00141586	0.000320773
11458	100	-0.00389014	0.000275241
11485	100	0.00242807	0.000342472
11535	100	-0.0024946	0.000261871
11554	100	0.00122591	0.000380348
11624	100	5.3392e-05	0.000313959
11679	100	0.00128739	0.00031464
11698	100	-0.000686613	0.000266413
11719	100	-0.000736305	0.000326592
11856	100	0.000707559	0.000335959
11904	100	0.00134218	0.000221287
11944	100	0.000272815	0.000352597
12069	100	-0.00173005	0.00026774
12182	100	0.00331347	0.000301715
12416	100	-0.000351978	0.000320488
12524	100	0.00369093	0.00040835
21855	100	-0.000270648	0.000371296
34630	100	-0.00154666	0.000268122
