10	7119900	0.00208295	101.923
11	5777100	0.000474985	85.3241
12	4805300	0.000426417	71.1643
13	4060400	-0.00313381	59.8412
14	3477400	0.00255952	52.2227
15	3040000	0.00700475	45.2744
16	2685300	-0.000413036	39.5865
17	2338100	-0.00211476	33.8044
18	2040700	0.00421373	30.9065
19	1818100	-0.00379631	27.4124
20	1617200	0.00658282	25.7151
21	1405100	0.00235477	23.0436
22	1257600	0.00243878	21.1714
23	1126000	0.00478669	19.5884
24	1006700	-0.0014739	18.2355
25	873900	-0.00367921	17.122
26	770400	-0.00583975	16.606
27	712200	0.00417725	16.0004
28	645300	0.00486857	15.3911
29	586700	-0.00166288	13.9656
30	542600	-0.00691079	12.7367
31	506700	0.00384619	12.5985
32	569900	-0.00706636	9.93526
33	484900	0.00457107	10.8255
34	416400	0.000955779	10.5813
35	396200	-0.004696	10.2622
36	371900	0.00699284	9.7756
37	338900	-0.00331787	9.22785
38	352200	0.00746553	8.98528
39	345300	-0.000495861	7.95418
40	286400	-0.00824404	7.68298
41	285800	0.00555958	7.84227
42	267400	0.000788301	7.37617
43	252600	0.00571146	7.29308
44	257300	0.00907107	7.10189
45	249300	0.00830406	6.57906
46	227900	8.36e-05	6.22075
47	236900	0.00413911	5.9119
48	225300	-0.00369531	5.45237
49	206600	-0.00150269	5.2258
50	205300	0.00406894	5.07618
51	201000	-0.00603206	4.48853
52	193600	0.000290607	4.66745
53	192300	-0.00537689	3.95631
54	188700	-0.000903688	3.89698
55	167200	0.00129361	3.76555
56	161000	0.00311664	3.98923
57	150100	-0.00280582	3.4412
58	151000	0.00540481	3.44839
59	133300	0.00145865	3.31118
60	140800	0.00599134	3.31554
61	135800	-0.00200115	3.0831
62	137200	-0.00552808	2.96436
63	122400	-0.00367243	2.7754
64	118100	0.00318423	2.71285
65	116700	0.00203662	2.8565
66	115400	9.87997e-05	2.58706
67	112600	-0.00228886	2.39178
68	109700	0.00145899	2.65576
69	98900	-0.00236667	2.23553
70	97000	0.00609776	2.5734
71	91000	-0.00170387	2.38871
72	91200	0.000594164	2.25184
73	97200	0.0077017	2.30715
74	84000	0.00163839	2.1299
75	82400	0.00323005	2.07116
76	86400	0.00102017	1.95285
77	92500	-0.00281152	1.79227
78	96900	-0.00310158	1.56656
79	105700	0.0023987	1.57378
80	102300	0.00804799	1.57742
81	88700	0.00434937	1.80203
82	69100	0.00778594	1.94532
83	55700	-0.000994405	1.71987
84	53700	0.00425978	1.82895
85	53000	-0.00177326	1.86026
86	51300	-0.00345828	1.60461
87	51200	0.00787832	1.94069
88	53900	0.0101096	1.73415
89	49800	-0.000892817	1.66981
90	45800	0.00348681	1.59014
91	43700	-0.00323689	1.48045
92	39900	-0.00846699	1.3487
93	43900	0.00903452	2.00661
94	45100	0.00818231	1.63198
95	38900	0.00996347	1.55225
96	37300	-0.00127348	1.22042
97	35000	-0.0101103	1.49328
98	35300	0.00201617	1.5005
99	33800	-0.0121941	1.02136
100	34500	0.00346117	1.41904
101	34500	-0.00341789	1.23952
102	30100	0.0117568	1.40979
103	34200	0.00403961	1.40036
104	30200	-0.011744	1.2566
105	29300	0.00224371	1.13809
106	29800	-0.0013083	1.15387
107	31500	0.00650389	1.47777
108	29200	-0.013381	0.874328
109	27700	0.00152171	1.09943
110	29600	0.00750077	1.28527
111	26800	-0.000701296	1.15023
112	27900	-0.00618091	1.15304
113	32200	0.00889244	1.17467
114	28700	-0.00267934	1.12098
115	28200	-0.00532485	0.951525
116	27100	-0.0021002	1.10015
117	27900	-0.00463885	0.943015
118	29300	-0.0108819	0.829315
119	28900	0.0109435	1.15872
120	29000	-0.000299955	1.01975
121	26300	0.00378733	1.06092
122	26700	0.00495964	0.97903
123	21100	-0.00381727	0.843411
124	23500	-0.00148466	0.908516
125	24600	-0.000677096	0.816056
126	22200	-0.000466046	0.899547
127	23800	-0.00331808	0.897831
128	21200	-0.0192029	0.478439
129	20800	0.0163408	1.02746
130	20900	0.00407056	0.881348
131	17100	0.0103418	0.836375
132	16800	-0.0032841	0.645439
133	19800	-0.00359222	0.728956
134	18800	0.000453746	0.797618
135	16700	0.00141355	0.686176
136	16900	-0.0053229	0.774188
137	18300	0.0011385	0.676311
138	16100	-0.00230915	0.710685
139	15100	-0.00368689	0.599318
140	15600	0.00809164	0.656021
141	15700	0.00460311	0.63604
142	20700	0.000283772	0.560943
143	17800	-0.0107208	0.455936
144	17100	-0.00187014	0.519997
145	17000	-0.00382419	0.500901
146	16900	-0.000639148	0.495153
147	17400	-0.002176	0.456029
148	17700	0.00511964	0.588723
149	21400	-0.00272987	0.393164
150	18700	-0.00645502	0.362177
151	18300	0.00592177	0.497107
152	17800	-0.00429373	0.331819
153	16700	0.000748265	0.386985
154	21200	0.00328857	0.374636
155	19400	-0.0072937	0.352197
156	19300	-0.00477691	0.333325
157	18900	-7.80936e-05	0.333973
158	18900	0.00323076	0.456414
159	19200	-0.0027639	0.367819
160	15600	0.00460245	0.4749
161	15500	-0.00475049	0.300363
162	15500	0.00930861	0.618924
163	15700	-0.00460704	0.333654
164	16500	-0.00583078	0.327524
165	13800	-0.00351535	0.306205
166	11600	0.00312553	0.621745
167	12200	6.84433e-05	0.402046
168	14400	-0.0035628	0.422015
169	11400	0.00232926	0.355185
170	12400	0.00649495	0.403582
171	12500	0.00302648	0.455
172	14000	-0.00573423	0.288191
173	9600	0.00506564	0.4811
174	11900	-0.00540344	0.320464
175	10800	-0.0064195	0.333061
176	13800	0.00298077	0.402415
177	10200	-0.00569693	0.312588
178	10600	-0.00738594	0.30033
179	9100	-0.00122052	0.32228
180	11500	0.00249155	0.391038
181	10000	0.00166879	0.412388
182	11100	0.00551361	0.386133
183	11200	0.00116648	0.398926
184	11500	0.00788539	0.409368
185	12500	-0.00908387	0.269307
186	11300	0.0062037	0.335607
187	12400	-0.0015633	0.281145
188	11400	0.00206674	0.29309
189	12700	-0.00829684	0.244662
190	13300	-0.00292973	0.21795
191	13400	0.00143257	0.280949
192	13100	0.00808052	0.273899
193	15100	0.00214377	0.302245
194	15400	0.00197838	0.24542
195	17200	0.000501145	0.227508
196	17900	-0.00400574	0.184296
197	18700	-0.00280975	0.239758
198	20300	0.000191715	0.206808
199	16300	0.0022826	0.204133
200	18900	3.06453e-05	0.181959
201	20100	4.86451e-05	0.184232
202	17700	0.00246923	0.208988
203	20200	0.000253916	0.184846
204	19000	0.00347103	0.214534
205	19400	-0.00264545	0.17474
206	14700	-0.00506098	0.176042
207	15400	-0.00124547	0.161392
208	14300	-0.00107176	0.279937
209	14300	0.00520866	0.237724
210	13600	0.000670924	0.183142
211	14100	0.00389322	0.196181
212	12500	-0.00510126	0.192485
213	11100	0.00828072	0.296541
214	13200	0.0139406	0.346346
215	10100	-0.00500411	0.145241
216	8700	-0.00485942	0.205645
217	9500	-0.00114273	0.228943
218	7600	0.00413242	0.26671
219	5900	-0.00435953	0.182982
220	8700	-0.000395964	0.183006
221	5300	0.000818061	0.221097
222	6900	0.0133613	0.309982
223	5300	-0.00647825	0.228608
224	6200	-0.00144786	0.234976
225	5600	-0.00181939	0.157661
226	4600	-0.00145144	0.216651
227	4300	0.00783008	0.279417
228	5600	-0.000434551	0.236246
229	4200	0.0146327	0.326714
230	4100	0.0145323	0.378619
231	5500	0.0108467	0.357624
232	4800	-0.00696255	0.168892
233	4700	0.0105055	0.28064
234	3200	-0.00819932	0.196986
235	3900	-0.00579558	0.148321
236	4100	0.0132488	0.306131
237	5000	0.00269785	0.231516
238	4800	-0.0112589	0.138856
239	3400	-0.000481188	0.261883
240	4400	-0.00214247	0.178237
241	4800	0.000202941	0.183467
242	4600	0.000585505	0.159849
243	5100	0.00313462	0.228985
244	3400	-0.00764343	0.15811
245	4200	0.00187324	0.276031
246	2700	0.0102868	0.282659
247	3000	-0.011228	0.140212
248	3200	0.00583401	0.223785
249	3200	-0.0197738	0.174875
250	4500	0.00631721	0.292984
251	3700	-0.00374722	0.220709
252	4100	0.0059407	0.234226
253	4300	2.84652e-05	0.261586
254	3100	-0.00165497	0.254903
255	3000	0.00797232	0.290472
256	2900	0.0171532	0.325355
257	2700	0.00289602	0.20728
258	3000	0.00441017	0.200174
259	3200	-0.00926282	0.128479
260	2600	-0.0167299	0.0937067
261	3700	-0.00930487	0.204687
262	2900	0.00961837	0.239737
263	3000	-0.00317874	0.173805
264	2800	0.0163078	0.310528
265	2800	-0.00271191	0.227037
266	2000	0.00587163	0.274187
267	3900	0.00358116	0.251779
268	2000	0.00788966	0.234592
269	2400	0.000597925	0.174592
270	2700	-0.0089109	0.161461
271	3800	-0.011168	0.141032
272	2900	0.0141627	0.299699
273	2400	-0.011068	0.12321
274	3200	0.0076993	0.204287
275	2700	0.00387711	0.253997
276	2600	-0.00224994	0.180053
277	2200	-0.00126197	0.194526
278	1700	-0.00421006	0.15503
279	2700	0.0100833	0.238566
280	3600	0.00695314	0.154122
281	2700	-0.0159103	0.124431
282	2400	0.0110663	0.497774
283	2200	0.00258887	0.159433
284	1200	-0.00188945	0.212404
285	2100	4.85495e-05	0.165238
286	2500	-0.0138387	0.119755
287	3400	-0.00592122	0.131327
288	3400	-0.01555	0.0897448
289	3400	-0.00295245	0.166909
290	3500	-0.00042809	0.21179
291	2400	-0.0116886	0.104854
292	3800	-0.00512231	0.134201
293	3600	0.00712957	0.180886
294	2700	-0.00417214	0.189311
295	2500	0.0196068	0.316766
296	2600	-0.00370426	0.156811
297	2200	-0.00199326	0.206298
298	1700	-0.0105396	0.0822751
299	2000	-0.00124465	0.183729
300	2700	0.00691715	0.160927
301	2300	-0.0100296	0.079128
302	2800	0.00854598	0.172977
303	1800	-0.00786899	0.134681
304	1800	-0.0031849	0.131218
305	1900	0.012267	0.227994
306	1800	0.00455759	0.191732
307	1600	-0.00600994	0.119799
308	2300	-0.0097674	0.0680004
309	2100	-0.0176373	0.0771725
310	2400	-0.00987135	0.0827781
311	2600	-0.0098661	0.0796377
312	2600	0.00342193	0.171901
313	2100	0.0118915	0.202005
314	2300	-0.00274095	0.124108
315	1800	0.000139454	0.15302
316	2000	0.00792776	0.189878
317	1400	-0.00350032	0.163067
318	1300	0.00473281	0.148946
319	1900	0.0120909	0.292478
320	2000	-0.00313262	0.156161
321	1600	-0.0115503	0.0589064
322	1400	0.00927145	0.573988
323	1700	0.0129623	0.190917
324	2000	-0.00852777	0.085141
325	1400	-0.00434115	0.111872
326	1900	-0.00744306	0.131826
327	1500	0.00431927	0.125386
328	2400	0.0100899	0.184998
329	2200	0.00213051	0.124621
330	1900	0.00897978	0.166765
331	1900	-0.00190307	0.125393
332	1900	0.0156272	0.198923
333	1700	0.00854337	0.183917
334	1600	-0.00131882	0.0814134
335	1600	-0.00934341	0.0637265
336	2100	-0.00300985	0.0771286
337	2600	0.00627023	0.191667
338	2500	0.0012992	0.127285
339	1900	0.0100263	0.195562
340	1900	-0.00706761	0.0906858
341	1200	-0.00249023	0.0856564
342	2100	-0.00753628	0.0813803
343	1500	0.00200804	0.107863
344	1800	0.00285032	0.120209
345	1300	0.00618299	0.171248
346	2300	-0.000546353	0.128296
347	2500	-0.00387862	0.105688
348	1300	-0.00884942	0.0547906
349	2200	0.00296699	0.154285
350	2300	-0.00395156	0.120151
351	1200	-0.0137359	0.0314631
352	2500	0.00358843	0.142615
353	1300	-0.000904844	0.147091
354	1300	0.00938016	0.174301
355	2000	-0.0105581	0.0727974
356	2100	-0.00539355	0.0982958
357	2500	-0.000190122	0.119186
358	2000	0.00740209	0.14269
359	1800	0.00250938	0.109338
360	2400	0.000198222	0.133006
361	1800	0.00225725	0.104542
362	2500	0.000927491	0.104722
363	2600	-0.00330486	0.0863892
364	2000	-0.00460586	0.107422
365	1500	-0.0130946	0.0705203
366	2300	0.00173009	0.120231
367	1700	-0.015876	0.0466889
368	800	-0.00572766	0.0951854
369	2100	-0.0010925	0.0850164
370	2400	0.0113894	0.142799
371	2900	0.00231704	0.097604
372	1600	0.00435584	0.10528
373	2000	0.00641221	0.139413
374	2500	0.00608585	0.111735
375	2700	-0.00867547	0.0630376
376	1300	0.0155075	0.174223
377	2600	0.00118949	0.102603
378	3300	-0.00302159	0.0784247
379	1900	-0.00810704	0.081912
380	2500	-0.00230711	0.0767317
381	3700	-0.00559079	0.0705484
382	2600	-0.00552202	0.0650507
383	3400	-0.00829272	0.0714951
384	2400	0.0135247	0.147581
385	2400	-0.00261831	0.0660916
386	2300	0.000574994	0.122222
387	3200	-0.0119274	0.0477979
388	2400	-0.00418698	0.101252
389	2300	0.0130124	0.13398
390	3000	-0.000979105	0.103039
391	3900	0.00306326	0.11427
392	3400	-0.00116387	0.0781788
393	4300	-0.00622992	0.0811338
394	4100	0.00511864	0.100858
395	3200	-0.00543516	0.0796708
396	4300	0.00411166	0.0979042
397	3800	0.00801922	0.147882
398	3900	0.00179977	0.129879
399	3000	0.00371481	0.109315
400	3300	0.000884303	0.090013
401	3700	0.00444305	0.112067
402	4100	-0.000318039	0.0964548
403	3900	-0.00434405	0.072898
404	3500	0.00491624	0.113597
405	4100	0.00509097	0.184829
406	2900	0.00862053	0.124517
407	4400	0.00612008	0.106174
408	4200	-0.0022499	0.0700436
409	3600	0.000530291	0.0796722
410	5200	-0.00535537	0.0545977
411	3400	-0.00245645	0.0721954
412	3400	0.00715609	0.115163
413	3700	0.000463627	0.0965924
414	4700	-0.00112418	0.11983
415	2100	-0.0107176	0.0679238
416	4800	0.00573897	0.0979837
417	5000	-0.00242394	0.0865314
418	4000	0.00213967	0.0940721
419	3600	0.00410246	0.0875568
420	3800	-7.28369e-05	0.0762566
421	4400	0.00330811	0.173699
422	3300	-0.00560613	0.0700025
423	4100	-0.00363913	0.0646783
424	3700	-0.000869453	0.0758328
425	4100	0.00524723	0.0745074
426	4400	-0.00182205	0.0755402
427	3200	0.00166733	0.104959
428	3500	0.000458629	0.0940818
429	3200	-0.00451004	0.0658501
430	4800	-0.00158202	0.0660692
431	4700	0.00386715	0.113282
432	4000	-0.00249558	0.0739323
433	4500	-0.000422247	0.0786327
434	3400	-0.00303053	0.0784856
435	3900	0.0061444	0.183131
436	3700	-0.00129891	0.07295
437	3200	-0.00368563	0.0704742
438	3300	-0.00637023	0.0635089
439	4900	-0.00131262	0.0757963
440	4600	-0.00128757	0.0847607
441	3700	-0.00223896	0.0654278
442	3700	-0.00278363	0.0838718
443	4400	-0.0096651	0.0428987
444	4200	-0.00174135	0.0776398
445	2500	-0.0022174	0.0919344
446	2300	0.00216346	0.0825404
447	3300	0.00487628	0.0816537
448	3400	-0.00270274	0.0531263
449	4100	-0.00239216	0.077883
450	3200	-0.00238129	0.0524598
451	2600	-0.00676488	0.0614001
452	3400	-0.00322613	0.0569499
453	2100	0.00841062	0.0807513
454	3600	-0.00178052	0.0470998
455	3100	0.00517382	0.0998536
456	2600	0.00287695	0.0806989
457	2300	0.0026731	0.0892034
458	3200	0.00984388	0.114018
459	3300	0.00509229	0.0722574
460	2500	-0.00363431	0.0547376
461	2300	0.00762426	0.0927231
462	3100	-0.00173703	0.0514092
463	2800	-0.00365526	0.0573032
464	2700	0.00292385	0.0755609
465	2200	0.0121617	0.12439
466	1800	-0.00312412	0.0657377
467	1700	0.00620197	0.0891002
468	3100	-0.00152524	0.0547716
469	2900	0.00546736	0.0780663
470	2600	-0.000886068	0.0662066
471	1600	-0.00113205	0.0586878
472	2200	0.00375089	0.0871959
473	2300	-0.00283934	0.0451416
474	2100	-0.00273702	0.0541773
475	2300	0.00934964	0.0783547
476	2700	-0.000252875	0.0601523
477	1900	0.00120851	0.216771
478	2200	0.00779394	0.0718453
479	2200	0.00781843	0.0785169
480	1400	0.00813498	0.0752256
481	2400	-0.00538666	0.020919
482	2200	0.00836606	0.0806198
483	1200	0.00612464	0.0868686
484	1400	-0.00578759	0.0368763
485	1200	0.0106221	0.0917417
486	1300	-0.00952648	0.0298303
487	1100	-0.0118588	0.0352338
488	900	0.0174326	0.126324
489	1300	2.92043e-06	0.052386
490	1300	-0.00319078	0.0537198
491	2000	0.00399164	0.0779828
492	1700	0.00215605	0.0650045
493	1200	0.0175498	0.136313
494	1600	-0.00628023	0.0361846
495	1000	-0.00281779	0.03632
496	1200	-0.00462825	0.0307861
497	900	-0.00164274	0.0467185
498	600	-0.000835967	0.0174703
499	1800	0.00198293	0.0458343
500	900	0.00335367	0.0686334
501	1000	-0.00632068	0.0217543
502	1500	0.0115764	0.0989912
503	500	0.00848931	0.0641005
504	1100	-0.00739479	0.0224595
505	1000	-0.00622113	0.0165234
506	1300	-0.00683561	0.0255763
507	1100	0.00254766	0.0383444
508	900	0.00800397	0.0498162
509	500	-0.00870802	0.0336538
510	900	0.00184514	0.0609583
511	1400	-0.011537	0.0374235
512	1100	0.0165539	0.0974926
513	700	-0.00549399	0.0331262
514	1100	-0.00947527	0.0312789
515	600	-0.00154295	0.0274708
516	800	0.0132281	0.0782597
517	800	0.00470405	0.0615093
518	1300	0.0027004	0.0551352
519	500	-8.46313e-05	0.0284406
520	600	-0.00846833	0.0338342
521	1000	-0.00336139	0.0259371
522	700	-0.0102742	0.0488868
523	600	0.0117209	0.0683979
524	900	0.00235872	0.0727985
525	1600	0.00464074	0.0641539
526	800	0.000237192	0.0429007
527	600	0.00974693	0.0959796
528	800	-0.00530303	0.0308767
529	800	-0.00201668	0.0434757
530	1200	0.00178824	0.058375
531	700	0.00616393	0.0681613
532	1300	0.00454697	0.071563
533	1200	-0.000393863	0.0549767
534	600	0.018332	0.111717
535	900	0.00367484	0.0415542
536	600	0.015074	0.0897253
537	600	0.0047353	0.071649
538	700	-0.00523881	0.0219454
539	1100	-0.00565027	0.0304312
540	700	-0.00804858	0.0213153
541	800	-0.00604256	0.0189373
542	800	-0.00242873	0.0582742
543	900	-0.00375604	0.0427059
544	700	-0.00210167	0.0322608
545	900	0.00107003	0.0586676
546	600	-0.0145758	0.0122262
547	300	-0.0204848	0.0141086
548	300	0.0154765	0.0647751
549	800	0.0129531	0.0756217
550	1000	-0.00531638	0.0333965
551	300	0.042678	0.241349
552	400	-0.00962856	0.0139489
553	700	-0.002336	0.0259659
554	500	-0.00880929	0.0153805
555	800	0.00136311	0.0565213
556	600	-0.00535789	0.0161673
557	1000	0.00601854	0.0755508
558	700	0.0172438	0.0578704
559	600	-0.00559937	0.0269244
560	800	-0.00273405	0.0473411
561	800	0.0114105	0.0721506
562	600	0.00688578	0.0827694
563	900	-0.00247462	0.0401365
564	1200	-0.00415707	0.036882
565	1000	-0.0102742	0.0364284
566	800	0.000557782	0.0315343
567	900	0.00905985	0.064221
568	500	-0.0141893	0.029851
569	600	-0.00278009	0.0408057
570	500	-0.000248204	0.0340203
571	1200	-0.00221431	0.0433117
572	1200	-0.00566476	0.0249162
573	1300	0.00486461	0.0820228
574	600	-0.0111883	0.0123298
575	400	0.00642954	0.0506722
576	700	0.0122611	0.0781153
577	400	0.00479323	0.0551766
578	900	0.00755005	0.0677886
579	500	0.000908033	0.0426522
580	600	-0.00252865	0.0222791
581	1200	0.00122626	0.0456669
582	1100	-0.0121154	0.0147225
583	800	0.00973581	0.074538
584	1100	0.00602812	0.0607435
585	800	-0.00120485	0.0311191
586	1000	-0.00367659	0.0145782
587	700	-0.0134804	0.00956425
588	900	0.00898398	0.0531922
589	1100	-0.00349001	0.0261114
590	1100	0.00630606	0.0699041
591	800	0.00237532	0.0361477
592	1000	-0.000739369	0.0244736
593	1200	-0.00670587	0.0341398
594	1100	0.00106802	0.0495623
595	1000	0.00810424	0.0556719
596	700	0.0037933	0.0398632
597	900	-0.0101398	0.0119002
598	1300	0.00164411	0.0524004
599	800	0.00667007	0.0557373
600	1200	-0.00410526	0.0266984
601	900	-0.00221099	0.0347163
602	400	-0.000689369	0.0163235
603	1400	0.00179229	0.0357222
604	500	-0.0165897	0.00574957
605	700	0.0056784	0.0760512
606	800	-0.0141881	0.0110529
607	700	0.00347697	0.0380495
608	800	0.000252954	0.0383356
609	400	-0.00404384	0.0111427
610	900	0.00408176	0.0646167
611	500	0.00198879	0.0379684
612	400	-0.00283313	0.013232
613	400	-0.0068526	0.00736184
614	800	0.00836672	0.0832563
615	1000	0.00103446	0.0457662
616	200	-0.00541298	0.0216167
617	400	0.00628059	0.0366519
618	1100	-0.00170549	0.0250048
619	400	0.00164114	0.0112104
620	700	-0.00125631	0.0394367
621	500	-0.00306881	0.0401742
622	700	-0.00674759	0.0266981
623	800	-0.000508686	0.0329887
624	600	0.00987565	0.0518332
625	400	0.00422159	0.0329855
626	600	-0.00427947	0.0322565
627	1100	0.00857706	0.0496165
628	500	-0.0154867	0.00910034
629	800	0.00338954	0.0301529
630	600	-0.00197086	0.0230565
631	800	0.00396002	0.018694
632	600	-0.000325448	0.0522431
633	1400	-0.00506816	0.0216396
634	1000	-0.00207576	0.0444092
635	700	0.00469053	0.0444666
636	700	-0.0040804	0.0412158
637	500	-0.00779181	0.0172291
638	800	-0.00338721	0.0204499
639	200	0.00832325	0.0351072
640	600	-0.013853	0.0116409
641	600	0.0120166	0.0586978
642	1000	-0.000722459	0.0244102
643	200	0.00222355	0.0400727
644	400	0.00873027	0.0288421
645	700	-0.00194311	0.0212483
646	1100	0.0043091	0.0306995
647	700	0.0137288	0.0733201
648	400	-0.000147504	0.0313242
649	300	0.00554624	0.0321323
650	700	0.000843078	0.0205095
651	400	-0.010021	0.0147786
652	900	-0.00631886	0.0142154
653	700	-0.0108714	0.00804046
654	1000	0.00899678	0.0446459
655	200	0.0115105	0.0285253
656	400	0.00418134	0.0435853
657	1000	0.00364632	0.0371625
658	700	-0.000257922	0.0266155
659	800	-0.00575677	0.0277686
660	500	-0.00622201	0.0156081
661	900	0.00302618	0.0469109
662	800	0.0103689	0.0659811
663	1100	0.00159098	0.0429275
664	1000	-0.0101644	0.0164645
665	800	-0.00109356	0.0256773
666	900	0.00802566	0.0317889
667	600	-0.000954329	0.0155685
668	1300	0.00344942	0.0356582
669	800	-0.00428333	0.016665
670	200	-0.00492153	0.0112259
671	1300	-0.0032402	0.0223039
672	1300	0.00934824	0.0607869
673	600	0.00896277	0.0562693
674	800	-0.00376256	0.0187655
675	1600	0.0125212	0.0570777
676	900	0.00764341	0.0481192
677	800	0.000724359	0.0430967
678	800	0.0144854	0.0730024
679	700	-0.00133434	0.0229154
680	600	0.00446207	0.027721
681	900	-0.000642044	0.0245966
682	1500	-0.00389745	0.0189025
683	1300	0.00872531	0.0534235
684	1000	-0.00746273	0.0162087
685	400	0.000981087	0.0145579
686	500	0.0157975	0.0832873
687	800	-0.00464422	0.0202113
688	700	0.00127909	0.0230808
689	800	-0.00371628	0.0295412
690	900	3.73035e-05	0.0313811
691	1600	0.00482378	0.0370203
692	700	-0.00168212	0.024417
693	500	0.0115841	0.0816672
694	700	-0.0104113	0.0168559
695	1300	0.00941917	0.0601877
696	1800	0.00355147	0.0821648
697	1200	0.00248815	0.0327378
698	500	0.00260086	0.0514337
699	600	0.00546942	0.0412571
700	1300	0.00144325	0.0344245
701	1500	-0.00223039	0.0187328
702	600	0.00706689	0.0370799
703	1100	-0.00867654	0.020461
704	1100	0.00757608	0.0389035
705	700	0.00172086	0.0577443
706	1000	0.00121945	0.0325869
707	800	0.00326807	0.0284406
708	1400	-0.00332465	0.0280371
709	1000	0.00777433	0.0340666
710	1300	0.00094577	0.0259544
711	700	0.00611749	0.0596257
712	900	0.00668762	0.0377156
713	1200	0.00213595	0.0343804
714	1200	0.0205587	0.155534
715	800	0.00334552	0.0418083
716	1300	-0.00430371	0.0233952
717	1000	0.00102689	0.0230699
718	1000	-0.00557627	0.0119602
719	1400	-0.00281329	0.0341972
720	1000	-0.004452	0.023576
721	700	-0.00475249	0.0225125
722	500	-0.000133654	0.0182174
723	1100	0.00777753	0.0520166
724	1600	0.0048046	0.0392019
725	1500	-0.00604366	0.0157272
726	900	0.00713663	0.030047
727	1100	0.000812271	0.0272534
728	500	0.00312307	0.0314981
729	1000	-0.00288944	0.0158164
730	1100	-0.00374616	0.0125524
731	1200	-0.000543757	0.023218
732	600	-0.000575632	0.0147042
733	700	0.0176191	0.0700436
734	1600	-0.00275894	0.018418
735	800	0.0137673	0.0481338
736	600	0.02068	0.0674613
737	300	0.00740159	0.0223884
738	500	-0.000469892	0.0100107
739	900	0.00930101	0.0470607
740	1300	0.00225676	0.0342605
741	800	0.000739443	0.0249641
742	800	-0.000728596	0.0245904
743	600	0.0202407	0.0759293
744	900	-0.00519128	0.0099611
745	700	-0.00727716	0.0157311
746	900	-0.0125918	0.0072627
747	1000	-0.00425683	0.010678
748	400	0.00385182	0.0248051
749	400	-0.011978	0.00540478
750	900	-0.00849764	0.0092031
751	1300	-0.00273851	0.0164053
752	1000	-0.00393369	0.015723
753	400	-0.00709838	0.0152694
754	1000	0.000710033	0.0201988
755	600	-0.00690086	0.0106063
756	600	-0.000761537	0.0285588
757	1100	-0.00765656	0.0160826
758	1400	0.0046714	0.0355031
759	1200	-0.00392786	0.0173062
760	600	-0.00497504	0.0176946
761	500	0.0120711	0.0433456
762	1000	0.00795379	0.0428396
763	700	0.00724198	0.0265316
764	700	-0.000227268	0.0120795
765	700	0.00178852	0.0228577
766	400	0.0118841	0.0721837
767	1100	-0.00097071	0.0174096
768	300	0.0190103	0.0686576
769	400	-0.00542437	0.0137523
770	1200	0.00345034	0.0293945
771	600	0.00885786	0.0405143
772	600	0.00147258	0.0279834
773	700	-0.0123911	0.00957458
774	500	-0.00493536	0.0321667
775	500	-0.00302621	0.0209841
776	600	-0.000557654	0.014933
777	700	-0.000231339	0.0210149
778	900	0.00551392	0.0350695
779	700	0.00194902	0.0288755
780	1000	-0.00540615	0.0101779
781	500	0.00542857	0.0335893
782	300	-0.0152747	0.0050556
783	1100	0.00673587	0.0373853
784	500	0.0149467	0.04886
785	600	-0.00749542	0.00787477
786	900	-0.0020854	0.0158243
787	1200	-0.000480713	0.0286816
788	600	0.0105421	0.047324
789	500	-0.00235159	0.0343241
790	400	0.0114346	0.0668229
791	1000	-0.00250837	0.0223379
792	700	-0.00557745	0.0132266
793	500	0.00151058	0.0394752
794	600	0.00727794	0.0315739
795	400	-0.0158276	0.00396045
796	900	-0.00329512	0.0122249
797	800	0.00329781	0.0352689
798	300	0.00855692	0.0579927
799	600	0.00375762	0.0386181
800	900	-0.00277728	0.0200062
801	500	-0.00600953	0.00626604
802	500	-0.00843711	0.00590577
803	400	0.00398141	0.0354042
804	700	0.000790216	0.0211798
805	400	-0.00262725	0.0146612
806	600	-0.00442321	0.00369815
807	1200	-0.00512375	0.0217377
808	400	-0.0125827	0.00598034
809	800	0.0125958	0.0508009
810	1200	-0.00215493	0.0184755
811	700	0.00750957	0.0272396
812	600	-0.00495535	0.0182606
813	600	-0.00161335	0.0165347
814	600	0.00791806	0.0376595
815	500	0.00533199	0.027524
816	400	0.00195835	0.0141354
818	400	0.00359327	0.0119402
819	400	-0.00373328	0.0172966
820	600	0.0025083	0.0246069
821	800	0.00138559	0.0208098
822	600	-0.00241806	0.0155082
823	400	-0.00236219	0.00885583
824	500	-0.00580623	0.0140116
825	300	0.00751558	0.0374167
826	300	-0.00644931	0.00470776
827	600	-0.0084277	0.00733885
828	900	-0.00286783	0.0172673
829	900	-0.00072678	0.0124669
830	800	0.00789831	0.031471
831	500	0.00759984	0.0397294
832	300	0.0105569	0.0535987
833	200	-0.0159148	0.00555413
834	100	-0.0191044	0.00457309
835	500	-0.00490907	0.00838658
836	700	-0.00173057	0.0211471
837	500	0.00877946	0.0281667
838	200	-0.004531	0.0142695
839	700	-0.00383236	0.009412
840	400	-0.00459254	0.015101
841	300	-0.00336752	0.010796
842	700	-0.00476002	0.0101863
843	400	-0.00468669	0.00542222
844	600	-0.00986466	0.00514153
845	800	-0.00217581	0.0152909
846	700	-0.000286438	0.02072
847	300	-0.00670621	0.0046913
848	300	0.0128428	0.0377413
849	600	-4.19928e-05	0.013735
850	300	-0.00493697	0.0056308
851	400	-0.00308544	0.00683934
852	400	0.00736101	0.0216718
853	600	0.00248685	0.0155691
854	400	0.000622787	0.0195127
855	600	-0.00200876	0.0234226
856	200	0.00408703	0.0305135
857	100	-0.00770962	0.00507439
858	400	0.00829892	0.0331024
859	700	-0.00382521	0.019971
860	200	3.81818e-05	0.0461835
861	300	0.000912054	0.0216705
862	300	0.00669666	0.036528
863	600	-0.00388907	0.011686
864	300	0.0156551	0.0257969
865	400	-0.00123102	0.0119737
866	100	0.000832547	0.000989555
867	600	0.00720486	0.0371858
868	300	-0.000544256	0.00693705
869	200	0.00137032	0.0185461
870	500	-0.00352165	0.00560987
871	100	0.00527975	0.00594379
872	300	-0.00185309	0.0126435
873	400	-0.00273218	0.00929892
874	400	-0.00388708	0.0176086
875	400	0.00324425	0.0286246
876	600	0.00706063	0.0418076
877	600	0.00685376	0.0319413
878	600	-0.00113482	0.0171077
879	400	-0.00529189	0.00378098
880	400	0.00582337	0.0306322
881	400	-0.000808185	0.0161868
882	400	0.0124082	0.0377755
883	500	0.00109364	0.0100883
884	500	0.00135622	0.0165783
885	500	0.00167455	0.022542
886	500	-0.00168842	0.0165866
887	600	0.0117115	0.0342539
888	800	-0.00496197	0.0103364
889	300	-0.00252479	0.0176258
890	300	0.00570288	0.0183906
891	400	0.00601491	0.0334975
892	500	-0.000120395	0.00810455
893	300	-0.000354898	0.0192143
894	400	-0.00997807	0.00204607
895	100	-0.00421077	0.00685028
896	300	-0.0102425	0.00180939
897	600	0.00224572	0.0215831
898	300	-0.00838206	0.003577
899	700	-0.00692829	0.0051028
900	500	-0.00749982	0.00269229
901	700	-0.00230284	0.0137729
902	800	0.00483638	0.0272253
903	700	0.00192175	0.00797089
904	600	-0.00449694	0.0095325
905	700	0.00495397	0.0170306
906	700	0.000239225	0.0137209
907	300	-0.00278336	0.00709145
908	900	4.45769e-05	0.0158157
909	700	-0.0126588	0.0041299
910	300	0.002535	0.0341398
911	500	-0.000714433	0.0239023
912	1000	0.00780137	0.0285772
913	500	-0.0053394	0.00612633
914	600	0.005362	0.0269744
915	100	0.00485874	0.0187102
916	600	-0.00499565	0.0135206
917	1000	0.000793938	0.0147093
918	700	0.00187352	0.0240595
919	500	-0.00125576	0.00865808
920	600	-0.00166995	0.0141578
921	600	0.00573344	0.0219522
922	500	-0.00474792	0.0140819
923	900	0.000256613	0.0177856
924	400	0.00704218	0.0338876
925	400	0.00684843	0.023955
926	700	-0.00127688	0.00999717
927	500	-0.00302927	0.0120685
928	400	0.00705224	0.0279205
929	500	-0.00456955	0.00667271
930	800	-0.00383244	0.0120742
931	700	0.00233368	0.0187909
932	100	-0.005731	0.00250733
933	500	0.00956918	0.0295842
934	500	0.00560965	0.0168901
935	600	-0.00386239	0.00630297
936	100	-0.0040234	0.00935427
937	1100	-0.000541114	0.0174582
938	600	-0.00294392	0.0263507
939	900	0.000117248	0.0128289
940	900	0.00732428	0.0165844
941	700	0.00101112	0.0193651
942	600	0.00408439	0.0112071
943	600	-0.000380994	0.0258158
944	1100	-0.00392785	0.0142218
945	900	0.00296941	0.0176121
946	200	0.00308774	0.00827139
947	700	-0.0021798	0.00906404
948	900	-0.00193252	0.00987217
949	300	0.00860812	0.0441864
950	800	0.00783267	0.0411566
951	400	0.0130546	0.0241447
952	500	-0.000873808	0.0126064
953	300	-0.00539461	0.00464806
954	700	-0.00383277	0.00542612
955	600	0.00466525	0.012364
956	400	-0.000276773	0.0060169
957	900	0.000995377	0.0140774
958	500	-0.00520094	0.00861195
959	400	0.00938405	0.0269609
960	600	0.00499448	0.0239783
961	500	0.00156833	0.0239824
962	300	-0.00394729	0.00355444
963	500	0.00969741	0.0317945
964	200	-0.00719425	0.00360644
965	400	0.00888622	0.0209492
966	300	0.00195346	0.0167891
967	500	0.00339327	0.0192368
968	700	-0.000768346	0.0076653
969	300	-0.00738967	0.0070243
970	500	-0.000763187	0.0117004
971	300	-0.00371549	0.00250575
972	500	0.00596655	0.0205438
973	300	-0.00252268	0.00729646
974	700	-0.00342854	0.00498065
975	1100	0.00115838	0.00941616
976	600	-0.0033654	0.00986538
977	600	-0.00229712	0.00608018
978	300	-0.00251737	0.00504117
979	300	-0.00955523	0.00219228
980	600	0.00519178	0.0216674
981	200	-0.0154727	0.0020298
982	500	-0.00307474	0.00467177
983	700	0.00170365	0.0197803
984	200	0.0230693	0.0496389
985	400	0.00317405	0.0142664
986	300	-0.00294342	0.00120719
987	500	0.00290414	0.0111637
988	600	-0.00351476	0.00977196
989	200	0.00205912	0.00911196
990	200	0.00444393	0.0043405
991	400	0.00805996	0.0162284
992	100	0.0194534	0.0139448
993	700	-0.00196678	0.00761534
994	600	-0.00178381	0.00932039
995	400	-0.00225057	0.00927918
996	200	-0.00023947	0.00793397
997	200	0.0126853	0.0460964
998	300	0.0042263	0.00715652
999	400	0.00440753	0.0137643
1000	600	-0.00636388	0.00460859
1001	700	-0.000982618	0.00776458
1002	200	-0.0111935	0.00148656
1003	600	0.00193483	0.00657329
1004	800	-0.00209016	0.00986275
1005	400	-0.00726171	0.00508139
1006	600	0.000667609	0.00874453
1007	200	-0.00711574	0.00680307
1008	400	-0.00218496	0.00495607
1009	100	-0.00984268	0.00356896
1010	700	0.00343462	0.0140126
1011	500	0.0095625	0.0222489
1012	500	0.0119982	0.0266243
1013	700	0.0012656	0.00545348
1014	300	0.00401811	0.0109337
1015	300	0.0106936	0.0318868
1016	400	0.020814	0.0339279
1017	300	0.018709	0.0439963
1018	200	-0.000370892	0.0238718
1019	400	0.00709831	0.013372
1020	300	-0.0030059	0.00700537
1021	800	0.000463281	0.00657289
1022	400	-0.00333725	0.0101099
1023	600	-0.000845729	0.0114817
1024	200	0.00665266	0.0272119
1025	700	-0.00172831	0.0148158
1026	400	0.00450752	0.00840041
1027	600	-0.000712065	0.00476998
1028	400	0.00600321	0.0121613
1029	600	-0.00655698	0.00704562
1030	900	0.0079026	0.0325103
1031	800	-0.000990194	0.00682874
1032	500	-0.00468944	0.00296431
1033	600	0.00790532	0.0213214
1034	700	0.00147368	0.0108199
1035	400	0.00374861	0.00972863
1036	500	2.84699e-05	0.0185376
1037	300	0.00999024	0.0145848
1038	200	-0.00349474	0.00459031
1039	600	-0.00131292	0.00743232
1040	400	-0.00324472	0.00177447
1041	200	-0.00295119	0.0033835
1042	300	-0.00621908	0.00422934
1043	200	-0.0114922	0.00186791
1044	600	0.00174158	0.0176136
1045	200	-0.00404988	0.00202165
1046	300	0.00211661	0.0132623
1047	400	0.00710886	0.015783
1048	900	0.00884667	0.031637
1049	400	0.00336596	0.0195486
1050	400	-0.00143294	0.0158861
1051	600	0.00027618	0.0148259
1052	200	-0.00480364	0.0025118
1053	600	0.00236643	0.00880243
1054	200	0.00172832	0.00385689
1055	300	0.00279561	0.0311282
1056	700	0.00480789	0.0154653
1057	700	-0.00177066	0.00990206
1058	100	-0.00417451	0.00389303
1059	400	-0.00714226	0.00324205
1060	600	-0.00042207	0.00608306
1061	600	0.00302011	0.0162467
1062	600	0.00298586	0.0131919
1063	200	0.00622569	0.0340306
1064	200	-0.000684296	0.00271731
1065	400	0.00587949	0.0367504
1066	600	-0.00119463	0.0178782
1067	300	0.00682196	0.0214805
1068	500	0.00633419	0.0208881
1069	100	-0.00452436	0.00322558
1070	400	-0.00657159	0.00166987
1071	400	-0.00203304	0.00904789
1072	100	0.0167922	0.0428658
1073	500	-0.00483735	0.00593531
1074	300	-0.00119987	0.0111806
1075	300	0.00064695	0.013833
1076	200	0.0207379	0.0511545
1077	500	-0.00165878	0.0054666
1078	300	0.00491217	0.0125205
1079	200	0.000135424	0.00431676
1080	500	0.0151652	0.0641103
1081	700	-0.000260803	0.0152071
1082	600	-0.00251705	0.0046679
1083	400	0.00828491	0.0194365
1084	200	-0.000761442	0.00752884
1085	200	-0.00852064	0.00376018
1086	100	0.000373921	0.00823955
1087	500	-0.00570293	0.00562719
1088	500	-0.00190235	0.0093777
1089	500	0.00169039	0.0129694
1090	100	0.0217418	0.039067
1091	600	0.00270267	0.0116318
1092	200	-0.000180789	0.00364176
1093	700	-0.000567065	0.0108221
1094	400	-0.00133094	0.00579914
1095	400	-0.00228912	0.0168363
1096	100	0.0150834	0.017913
1097	700	-0.00259177	0.00688263
1098	700	0.00567215	0.0151935
1099	600	0.00200357	0.0187423
1100	400	-0.00160794	0.00636947
1101	500	-0.000510849	0.00805244
1102	600	0.000876337	0.00859901
1103	400	-0.00122254	0.00782757
1104	300	-0.0103549	0.00195537
1105	600	0.00521679	0.0131732
1106	200	-0.00450355	0.00154659
1107	400	0.0146385	0.0359471
1108	400	-0.00651032	0.00439812
1109	500	-0.0019273	0.00639987
1111	500	-0.00314828	0.00524969
1112	100	-0.0109391	0.00125546
1113	200	-0.0125197	0.00177266
1114	200	-0.0107238	0.0026803
1115	400	0.000553138	0.0062246
1116	400	0.000776983	0.00738166
1117	400	0.000660272	0.00894967
1118	500	0.00500223	0.0249161
1119	400	-0.00410952	0.00423121
1120	600	0.000449848	0.0129867
1121	300	0.00236437	0.00530488
1122	600	-0.00141409	0.00345312
1124	600	0.00509499	0.0156377
1125	600	-0.00491625	0.00284543
1126	400	0.000301994	0.0125489
1127	500	0.00735113	0.0156873
1128	600	0.00160339	0.0156691
1129	300	0.00904351	0.0209405
1130	500	-0.00374276	0.00450144
1131	800	0.000895428	0.0129761
1132	500	0.0115608	0.0209222
1133	500	-0.00235643	0.00949198
1134	600	-0.00489374	0.00382551
1135	400	-0.00220833	0.0154143
1136	400	0.00121651	0.00988062
1137	600	-0.00119692	0.0100351
1138	600	-0.00194274	0.00484423
1139	400	0.00361068	0.0162573
1140	600	-0.00265693	0.00352346
1141	300	0.0473262	0.18606
1142	400	-0.00705456	0.0077936
1143	600	-0.00311955	0.0077229
1144	400	-0.00123898	0.0191114
1145	300	0.000942909	0.01067
1146	400	-0.00546095	0.00363034
1147	400	-0.00155	0.00527516
1148	700	-0.00139875	0.00595389
1149	900	0.00301404	0.00982115
1150	900	0.000685436	0.0148523
1151	400	-0.00661656	0.00351128
1152	400	0.00966291	0.0251516
1153	500	0.00528173	0.0170005
1154	700	-0.00144489	0.00573949
1155	300	0.00189301	0.00543084
1156	200	-0.00821947	0.00168952
1157	600	-0.00290082	0.00519597
1158	400	-0.00102522	0.00460467
1159	800	0.00257368	0.00972219
1160	100	-0.0146713	0.00179386
1161	100	0.016183	0.00748217
1162	500	0.00620507	0.0116807
1163	200	-0.00772317	0.00398206
1164	600	-0.00298303	0.0120271
1165	700	0.00578168	0.0167114
1166	600	-0.00657631	0.00295294
1167	600	0.0042648	0.0119823
1168	100	-0.0109988	0.00239067
1169	700	-0.00423969	0.00503262
1170	600	-0.00295931	0.00866764
1171	400	-0.00365342	0.00419036
1172	800	-0.00196931	0.00848889
1173	500	0.000875647	0.0152375
1174	700	0.00582378	0.0238194
1175	1000	0.00294445	0.0161843
1176	300	0.00353562	0.0173514
1177	300	0.00168155	0.00591505
1178	500	-0.00224635	0.00897818
1179	100	-0.00957738	0.00130357
1180	500	-0.00142421	0.010814
1181	1200	0.00582021	0.0212549
1182	700	-0.000665694	0.00888057
1183	400	0.000966443	0.00749128
1184	300	-0.00856955	0.00268361
1185	300	-0.00161549	0.00410263
1186	600	-0.00198163	0.00647165
1187	300	-0.00257341	0.00593601
1188	600	0.00390668	0.0189407
1189	200	-0.0048137	0.00154001
1190	600	0.00134538	0.0142391
1191	600	0.000281803	0.0127628
1192	700	0.0032372	0.0126411
1193	500	-0.000463586	0.0138941
1194	1000	0.00304881	0.0134549
1195	800	-0.000552479	0.0101176
1196	600	-0.00575739	0.00620016
1197	1300	-0.0010688	0.0072382
1198	800	-0.00466951	0.00358714
1199	700	9.94422e-06	0.0116507
1200	1000	0.000561924	0.011577
1201	600	-0.00276459	0.00816192
1202	100	-0.00579548	0.00319506
1203	900	0.00463284	0.0130895
1204	700	0.000430255	0.0148885
1205	500	0.0111797	0.0218234
1206	400	0.00829815	0.020848
1207	500	0.00754041	0.0130577
1208	600	0.00297138	0.0134075
1209	300	-0.00236929	0.00865923
1210	500	0.00151124	0.00725016
1211	800	-0.00338768	0.00491639
1212	200	-0.00117914	0.0131498
1213	500	0.000695719	0.00612388
1214	700	-0.000535055	0.00740215
1215	100	-0.0139277	0.00185349
1216	500	-0.00358125	0.00330434
1217	300	0.00921412	0.0187009
1218	200	-0.00822233	0.00130163
1219	400	0.000437123	0.0057893
1220	600	-0.00392414	0.00416805
1221	400	-0.00117439	0.00824401
1222	100	0.000590163	0.00575645
1223	600	-0.00182916	0.00540215
1224	600	0.00154365	0.0116011
1225	400	-0.0060428	0.00663024
1226	500	-0.0016978	0.00358151
1227	500	0.00518637	0.0133577
1228	500	0.00464879	0.0105471
1229	300	-0.00113926	0.0178175
1230	700	0.00654667	0.0105427
1231	400	0.0227701	0.0471981
1232	400	-0.00603957	0.00264864
1233	300	0.00433587	0.00564144
1234	500	-0.00516685	0.00436211
1235	800	0.000542191	0.00667753
1236	200	0.0122479	0.0167248
1237	600	-0.00305643	0.00776528
1238	500	0.0050976	0.0106884
1239	300	-0.00287765	0.00371628
1240	600	-0.00186067	0.00686435
1241	600	-0.00512015	0.00337562
1242	400	-0.00203582	0.00424825
1243	200	0.00719837	0.00857643
1244	600	0.00316633	0.0084247
1245	800	0.00618314	0.0222966
1246	600	0.000573761	0.0143161
1247	900	0.00156697	0.00943145
1248	500	0.00314622	0.00925117
1249	400	-3.29038e-05	0.008669
1250	400	-0.00227051	0.00348733
1251	700	0.0039019	0.00928927
1252	300	-0.00361296	0.00992557
1253	1000	0.00143143	0.00932663
1254	800	0.000244525	0.0117595
1255	200	-0.00175999	0.0105757
1256	700	0.0042726	0.0163614
1257	600	-0.000544958	0.0080419
1258	500	0.000259147	0.00531497
1259	400	0.00289505	0.00694168
1260	400	-0.00419984	0.00201458
1261	400	-0.00215851	0.00853375
1262	400	-0.00137238	0.00432352
1263	500	0.00220789	0.00747324
1264	500	0.00403121	0.016923
1265	300	-0.00426753	0.00524811
1266	300	-0.00137763	0.00444931
1267	600	0.00132051	0.00997811
1268	600	0.00677982	0.0213795
1269	600	0.00682446	0.0223716
1270	800	-0.00188638	0.00483017
1271	500	0.00282469	0.00740542
1272	100	-0.00655045	0.00379644
1274	300	0.0025313	0.0169508
1275	300	-0.00492734	0.00214113
1276	300	0.00933179	0.0203034
1277	200	0.00388796	0.0163952
1278	800	0.000557732	0.010862
1279	600	-0.000469895	0.00320545
1280	300	-0.00329742	0.00442575
1281	700	4.29417e-05	0.00408633
1282	400	0.00603425	0.0177534
1283	400	0.00112829	0.0134731
1284	200	-0.00201195	0.00697111
1285	100	-0.000704882	0.00265856
1286	300	0.0113628	0.0166328
1287	100	-0.00218373	0.00309661
1288	200	0.000450677	0.00531359
1289	200	0.00491391	0.00604091
1290	500	0.0038168	0.00993876
1291	300	-0.000319863	0.00515949
1292	300	-0.00826849	0.00172722
1293	300	-0.00247731	0.00750517
1294	200	-0.00344599	0.00119545
1295	500	0.00713961	0.0170007
1296	600	-0.00146024	0.0060252
1297	200	0.000806631	0.0214425
1298	200	-0.00386376	0.00325306
1299	300	0.00250144	0.0104142
1300	900	-0.000196677	0.00740572
1301	200	0.00122781	0.00379216
1302	600	0.00060247	0.0131143
1303	500	0.00448026	0.0174472
1304	200	0.00524759	0.010813
1305	200	-0.00355677	0.00255524
1306	300	-0.00799655	0.0024115
1307	500	0.00471263	0.014197
1308	500	0.00313785	0.0149614
1309	400	-0.00368172	0.00307234
1310	300	0.00219628	0.0123774
1311	500	0.00576662	0.0134695
1312	200	-0.00396503	0.00323624
1313	400	0.00209647	0.0117587
1314	200	0.00125333	0.00936309
1315	300	0.00322752	0.0112805
1317	500	0.00223111	0.00619593
1318	400	-0.00197306	0.00915567
1319	100	-0.00401913	0.00259913
1320	300	0.00209124	0.00618647
1321	300	0.00516142	0.0102581
1322	300	0.00582159	0.00880605
1323	400	-0.00104729	0.00369432
1325	800	0.00283546	0.0100607
1326	200	0.0013887	0.00340253
1327	200	0.00945298	0.0055159
1328	600	0.00147515	0.00522006
1329	300	0.0117881	0.0310751
1330	500	-0.00197537	0.00623766
1331	300	-0.00736673	0.00294934
1333	200	-1.33689e-07	0.00428061
1334	100	-0.00537771	0.00177766
1335	500	-0.00172725	0.00282579
1336	400	-0.00234966	0.00604805
1337	800	-0.00348183	0.00475601
1338	200	0.005901	0.0132272
1339	500	-0.00266323	0.00265295
1340	300	0.000221844	0.00565141
1343	300	-0.00400457	0.00306634
1344	100	0.00288	0.00631955
1345	200	0.0127476	0.0180021
1346	100	0.00546477	0.0169248
1347	200	0.0054769	0.00515655
1348	200	0.00389098	0.0199503
1349	400	0.0011072	0.00745235
1350	200	0.00273028	0.0222255
1351	400	-0.00538227	0.00306885
1352	600	-0.0010707	0.00878118
1353	100	0.00411255	0.0142546
1354	300	7.85599e-05	0.00570522
1355	100	0.0129763	0.0156462
1356	500	0.00331925	0.00763396
1358	200	-0.00874052	0.00135743
1359	200	0.0056387	0.0143913
1360	400	-0.000967402	0.0040801
1361	300	-0.00465542	0.00455684
1362	400	0.00426834	0.00637017
1363	100	-0.0145455	0.00197182
1364	100	-0.00354811	0.00462919
1365	200	-0.00707422	0.000803056
1366	400	0.0053567	0.0169857
1367	600	0.000663462	0.00509459
1368	200	0.00744319	0.00792606
1369	500	0.00345835	0.0372382
1371	400	-0.00343645	0.00263662
1372	200	-6.45764e-05	0.00354213
1374	400	0.000129107	0.00657243
1375	400	-0.00114586	0.00674478
1376	100	-0.00461389	0.00180194
1378	200	0.00198011	0.0057331
1379	100	-0.000194211	0.0026182
1380	400	0.00246086	0.00571591
1381	300	0.00569426	0.0114584
1382	300	-0.00780748	0.0034627
1383	300	0.000339199	0.0081016
1385	400	0.00546839	0.00817761
1386	200	0.00511861	0.00938723
1387	100	0.00313409	0.0129049
1388	100	-0.00537693	0.00166409
1389	300	0.0056096	0.0155466
1391	200	-0.00551638	0.00166413
1392	300	0.00387263	0.012986
1393	200	-0.00432246	0.00140161
1395	100	-0.00731742	0.00190204
1397	200	-1.15786e-05	0.00444297
1398	100	0.0126689	0.0167297
1399	200	-0.00637097	0.00141266
1400	100	-0.000207871	0.00464692
1401	100	-0.00280764	0.000971067
1402	200	-0.00281725	0.00560847
1403	300	0.0151868	0.0224454
1404	100	0.0112403	0.0413736
1405	300	-0.00265289	0.0060109
1407	100	-0.000371037	0.00235962
1408	100	-0.000548739	0.00205983
1409	300	0.00735003	0.0103562
1410	400	-0.00552852	0.00207809
1411	300	-0.00439158	0.00215415
1412	200	0.000416264	0.00865134
1414	100	-0.010161	0.000937285
1415	300	-0.000307561	0.00765384
1417	200	-0.000788044	0.000518084
1418	200	0.00219088	0.00418284
1421	100	-0.0040234	0.000370404
1422	100	-0.00819485	0.00640111
1423	500	0.00343911	0.00726776
1424	300	-0.00370451	0.00282799
1425	100	0.00332962	0.0140554
1426	200	-0.00372544	0.00310291
1428	300	0.00052835	0.00750952
1430	100	0.00218105	0.00603981
1431	200	-0.00449964	0.00287331
1434	200	0.00319399	0.00820959
1435	100	-0.00711431	0.00160381
1436	100	-0.0102733	0.00132915
1437	400	-0.00438384	0.00625611
1438	400	-0.00195519	0.0035494
1440	300	-0.00782824	0.00214052
1442	300	0.007582	0.0442099
1443	200	0.00236099	0.00241629
1444	100	-0.00631185	0.000802098
1445	300	0.00162285	0.0149581
1446	200	0.0109484	0.0181143
1447	100	0.00651014	0.00817752
1448	300	0.00621849	0.00997896
1449	100	-0.00828981	0.00142261
1450	300	-0.00335952	0.0016027
1452	100	-0.00476759	0.00298052
1453	300	0.000971786	0.0060025
1456	200	0.00634068	0.012678
1457	100	0.00416165	0.00498872
1458	200	-0.00455336	0.000604814
1460	100	-0.00560633	0.00132997
1461	200	-0.00816248	0.00128761
1463	200	0.00545797	0.00444328
1464	200	-0.00146908	0.00246743
1465	100	-0.00750476	0.00129508
1467	200	0.00256624	0.00522416
1468	100	0.00904646	0.0151608
1471	100	-0.00757686	0.00108644
1473	400	-0.00302605	0.00248202
1474	100	-0.00802613	0.00116367
1475	100	-0.00410108	0.00127087
1476	100	0.00171378	0.00228922
1478	100	-0.0025119	0.000459678
1480	100	-0.00118482	0.00307371
1481	400	-0.00427078	0.00262946
1483	200	-0.0043803	0.00292535
1484	100	-0.00213316	0.000426237
1485	100	0.013226	0.0334741
1486	100	0.00805312	0.0324904
1487	100	0.0078921	0.0197371
1489	100	0.000494962	0.00323763
1490	200	-0.0072303	0.00148224
1491	200	0.000670246	0.00298702
1492	100	0.00498923	0.0138901
1493	100	-0.00915803	0.000906818
1496	100	0.00284446	0.0010056
1497	100	-0.00961389	0.000694471
1498	100	0.0102791	0.0203985
1499	200	0.00613826	0.0126596
1500	200	-0.00498078	0.000955713
1501	100	0.00266662	0.00313971
1502	300	0.00397195	0.00434967
1503	100	-0.00539494	0.00201468
1504	100	-0.0122367	0.000668404
1508	400	0.000607955	0.00377727
1509	100	-0.0103307	0.000920322
1512	300	-0.000797399	0.00651632
1514	300	-0.00802307	0.000865355
1515	200	0.00180751	0.00174442
1517	100	-0.00592702	0.00167465
1518	200	0.00698523	0.0194456
1521	200	-0.00395966	0.0022148
1522	100	0.00331736	0.00516385
1523	300	0.00297601	0.00712494
1524	100	-0.0112124	0.000584043
1525	100	0.0193634	0.0191094
1527	100	0.000695053	0.000439868
1528	200	-0.00194233	0.00116892
1529	100	-0.000138582	0.000304305
1530	100	0.00456095	0.0162793
1532	200	-0.00214157	0.00196481
1533	200	-0.00186702	0.00172699
1534	200	-0.00354298	0.0012815
1536	200	-0.00291853	0.00143653
1538	200	-0.00105354	0.00550907
1539	100	0.0323401	0.0490463
1541	300	0.00303928	0.00791428
1542	100	-0.00410957	0.000310962
1544	100	0.00726554	0.00663812
1547	100	0.0020941	0.00333518
1548	100	0.003344	0.00392334
1549	200	-0.00120395	0.000409251
1550	300	0.00484181	0.00541628
1552	200	0.00653179	0.00647549
1554	100	0.000335216	0.000510853
1556	100	0.00487633	0.00396549
1557	200	0.0202869	0.027782
1559	100	-0.0040738	0.0025818
1560	100	0.00762865	0.0174487
1561	200	-0.000529741	0.00182359
1563	300	-0.00348085	0.00182968
1565	400	0.0052563	0.00802227
1566	200	-0.00315318	0.00285276
1567	100	0.000164999	0.000315124
1568	100	-0.00406049	0.000347795
1569	100	0.00206168	0.001697
1571	100	-6.5979e-07	0.00187194
1572	100	0.00216387	0.000527901
1574	100	-0.00145415	0.0017335
1575	200	0.00524454	0.00597122
1578	200	0.00451287	0.00128232
1580	200	-0.00201645	0.00172303
1581	200	0.00217634	0.00608107
1582	100	-0.000242457	0.000425229
1583	100	0.0128884	0.0322443
1584	200	-0.000283897	0.00887755
1586	400	-0.00497122	0.001547
1587	200	-0.00688341	0.00131933
1588	200	-0.00244677	0.000719072
1589	100	-0.00379853	0.00249593
1590	100	0.000812777	0.000507958
1591	100	-0.00129847	0.00201334
1593	100	0.000915639	0.000442629
1595	200	0.0115525	0.0105554
1596	100	-0.0044176	0.00182757
1598	200	0.000292415	0.0012373
1599	200	0.00328295	0.00148968
1601	400	-0.00144635	0.0014186
1602	300	-0.000713873	0.0014361
1603	100	0.00107177	0.000336666
1604	300	0.00384315	0.0035057
1605	200	-0.00418275	0.00222335
1606	100	-0.0105937	0.000782002
1607	100	-0.00145013	0.000269508
1609	100	0.0111908	0.00650907
1612	300	-0.00258332	0.00240833
1613	100	0.022401	0.0478236
1614	100	0.00648617	0.00647921
1615	100	-0.00657811	0.00113011
1616	300	0.0017324	0.00589218
1617	300	-0.000306011	0.00295335
1618	100	0.00293379	0.000430024
1619	100	-0.00669919	0.00231781
1622	100	-0.000291624	0.00396014
1623	200	0.00865603	0.0172393
1624	100	-0.00740044	0.000840956
1626	100	0.00592411	0.00541494
1627	400	0.00252925	0.00796028
1629	100	0.00134032	0.000540656
1631	100	0.00490073	0.00670447
1633	200	0.00534244	0.00352751
1634	100	0.00637889	0.00411517
1635	300	0.00497822	0.00986386
1637	200	0.000351233	0.00646532
1639	200	-0.00186772	0.000471476
1641	100	-0.0106693	0.00158361
1642	200	0.00167043	0.000395553
1643	300	0.011649	0.0183099
1645	100	0.00273604	0.000553253
1646	100	-0.00502646	0.00216854
1647	100	-0.0016113	0.00261792
1648	100	-0.0112274	0.000725959
1649	100	0.000659681	0.00135634
1650	100	0.041391	0.0490979
1651	200	0.00147597	0.0154239
1653	100	0.00512182	0.0149189
1655	100	-0.00561292	0.00117259
1657	200	0.000249512	0.00171808
1658	400	-0.000711553	0.00742178
1660	100	0.00485382	0.0040381
1661	200	0.00151839	0.0026771
1663	400	0.0022825	0.00384541
1664	100	0.00386245	0.00410555
1665	100	-0.00337624	0.00138468
1669	200	-7.32679e-05	0.00161281
1671	100	0.00440704	0.0114057
1674	100	0.00453807	0.00268203
1676	200	-0.000754015	0.00175546
1678	300	0.0013551	0.0132186
1680	100	-0.00155813	0.000312782
1683	300	0.00340637	0.00555974
1684	200	-0.000729865	0.00106182
1689	100	-0.000364817	0.000682466
1690	200	0.0117141	0.00738182
1691	200	-0.00281206	0.00127591
1692	100	0.0113856	0.0113622
1695	100	0.00925921	0.00620652
1696	100	-0.00380029	0.00164085
1697	100	0.0123727	0.0156091
1698	100	-0.000648802	0.000294322
1700	200	0.00108019	0.00205398
1701	100	0.00457329	0.00116708
1702	200	0.00567769	0.00769026
1705	200	0.00548607	0.00875955
1708	200	0.00201599	0.00398043
1711	100	0.0123901	0.0129482
1713	200	0.00657739	0.014918
1715	200	0.00178084	0.00331175
1716	100	-0.0099356	0.000598168
1717	100	-0.00640472	0.000821715
1718	100	0.000961625	0.00237837
1719	100	-0.00408311	0.00103313
1722	200	-0.0066788	0.00118157
1723	100	0.0136426	0.010119
1725	400	0.00742734	0.0085097
1727	100	-0.00330452	0.00108952
1729	100	-0.00446763	0.00191264
1735	300	0.00329576	0.00676103
1736	100	0.00356407	0.00351014
1737	200	-0.00268866	0.000959779
1738	100	-0.00264153	0.00172214
1739	200	-0.000343738	0.00311119
1741	100	0.0105552	0.00532903
1742	100	0.00706307	0.0112196
1743	100	-0.00374022	0.00279075
1744	200	-0.00463331	0.00244302
1745	100	-0.00327942	0.000817224
1746	100	0.00152315	0.00202584
1748	100	0.00142963	0.00192841
1750	100	0.0121867	0.00619319
1752	100	-0.00382403	0.00115239
1754	200	-0.00258496	0.00140006
1756	100	1.55935e-05	0.00160346
1758	100	0.033156	0.0500836
1759	100	0.00281785	0.010671
1760	100	-0.00608534	0.00103579
1766	100	-0.00232913	0.00410672
1767	100	-0.00271275	0.00362043
1770	200	-0.000823412	0.00185909
1773	200	-0.00206802	0.00140475
1776	200	-0.000896861	0.00142287
1778	100	-0.00354188	0.00206389
1779	100	-0.00350216	0.00320301
1781	100	-0.000784505	0.00173349
1784	100	0.00240149	0.00200555
1785	100	-0.00801193	0.000867912
1791	100	-0.00559536	0.000578216
1796	100	0.0105072	0.00957485
1801	100	0.0289921	0.023091
1803	100	-0.00368654	0.000659395
1804	200	0.00679444	0.011361
1807	100	0.00123974	0.00505901
1810	100	-0.00457972	0.000974587
1811	100	0.000704979	0.00310565
1813	100	-0.00360191	0.00104037
1815	100	-0.000725166	0.00174487
1817	200	0.00130652	0.00275877
1818	200	0.000908995	0.00251564
1826	100	-0.00522009	0.00123114
1827	100	0.00179044	0.00187011
1828	100	0.00919589	0.0281988
1837	100	-0.000803843	0.00277439
1840	200	-0.00554653	0.00120551
1843	100	-0.00265346	0.00224119
1844	100	0.0101116	0.00417129
1847	100	-0.00115063	0.00235477
1854	300	-0.00214912	0.00244266
1855	100	0.00445175	0.00187205
1856	100	-0.00345135	0.00185468
1857	100	0.0254904	0.0349949
1858	100	0.0177507	0.0121454
1860	300	-0.0013742	0.00202305
1862	100	0.00365158	0.00998365
1863	300	-0.000425883	0.00165451
1869	100	0.000295524	0.00163006
1870	200	0.00446462	0.00598089
1871	100	0.0163871	0.0111901
1874	100	-0.00676364	0.000730734
1875	100	0.0038322	0.00392635
1876	100	-0.00367327	0.000973049
1878	200	0.000195491	0.00225845
1881	200	0.0110904	0.0153317
1882	100	0.000920442	0.000661765
1887	200	-0.00373901	0.000579432
1888	100	-0.00360203	0.00119693
1894	100	0.00997569	0.0238405
1895	100	0.0192471	0.0155014
1906	100	-0.00137944	0.00118575
1907	100	0.000270384	0.0012756
1912	100	0.000814661	0.00325123
1915	200	0.00910978	0.0139665
1916	200	0.00206837	0.00527122
1919	100	0.00495671	0.00227055
1920	200	0.00277325	0.00151665
1924	200	0.00732933	0.00638139
1926	100	-0.00526193	0.00103157
1928	100	0.00358521	0.0025331
1929	100	-0.00719016	0.000760473
1930	100	0.0121475	0.0206281
1934	100	0.00555371	0.00898551
1935	200	-0.000196111	0.00137485
1938	100	0.00619402	0.00913221
1940	100	0.00184645	0.00354684
1941	100	-0.00827635	0.000674486
1942	100	0.000833892	0.00168599
1947	200	0.0037685	0.00571702
1949	100	-0.0032649	0.00179324
1951	100	-0.00474445	0.000564867
1954	100	-0.000911416	0.000769665
1956	200	0.0201891	0.0211737
1957	100	0.00871637	0.0069483
1958	100	0.00253865	0.00207066
1965	100	0.0237987	0.0197407
1966	100	0.0136716	0.00871715
1970	100	0.0163033	0.0139953
1972	200	0.00243413	0.00575754
1975	100	0.000950903	0.00026594
1980	100	-0.00259432	0.00151017
1985	100	0.0042453	0.000699309
1987	200	-0.000800402	0.00121423
1990	100	-0.000251329	0.000436349
1992	100	-0.00732573	0.000717558
1996	100	0.010622	0.00528682
2003	100	-0.00532039	0.000712783
2014	100	0.00695919	0.00324544
2019	100	-0.00377731	0.000667898
2020	100	0.00110463	0.00295479
2025	100	-0.00128183	0.000419633
2026	100	0.00149361	0.000304384
2032	200	-0.00445621	0.00118033
2033	300	0.00222083	0.0012138
2036	100	0.00493915	0.00290445
2039	100	0.0159437	0.0287052
2040	100	-0.00567933	0.00120769
2044	100	-0.000646542	0.00245406
2047	100	-0.000896447	0.00198888
2051	100	-0.00494388	0.000475155
2053	100	0.0101706	0.0103978
2054	100	-0.00529433	0.000646061
2055	100	0.00185739	0.00152078
2057	100	-8.06948e-05	0.000377979
2058	100	-0.00577107	0.000527105
2059	100	0.00421777	0.00369681
2066	100	0.00440234	0.00471559
2068	100	0.00368823	0.00841856
2072	200	0.00402224	0.00127334
2074	100	0.00537839	0.00141034
2080	100	-0.000950808	0.000352254
2083	100	0.0079416	0.0143625
2087	300	-0.000288215	0.00137575
2092	200	-0.00141573	0.000666806
2099	100	-0.000420092	0.00126716
2100	100	0.0011388	0.000491936
2101	100	0.00106757	0.00172367
2107	100	0.00105813	0.00333376
2113	100	-0.00863663	0.000581474
2121	100	-0.00432507	0.000991397
2126	100	-0.00149902	0.00152903
2129	100	0.00134895	0.000366993
2130	100	-0.00426351	0.000997398
2131	100	0.0022988	0.00284801
2133	200	-0.00148074	0.00149266
2135	100	0.0038254	0.000496084
2137	200	-0.00390432	0.000639331
2139	100	0.00688043	0.016855
2142	100	0.00956783	0.00883697
2147	200	0.0140782	0.00981997
2149	100	-0.00278495	0.00137828
2154	100	0.0114092	0.00490893
2159	100	0.000460561	0.00165843
2160	100	-0.00338217	0.00100531
2161	200	0.000171824	0.000853443
2163	100	0.00237004	0.00102079
2165	100	0.00175959	0.00247018
2166	100	0.00358975	0.00209728
2168	100	0.00341613	0.00329383
2172	100	0.0052743	0.00664453
2173	100	-2.42217e-05	0.000908359
2174	100	0.000492248	0.00123958
2175	100	0.004323	0.000951774
2176	200	-0.00109134	0.00115795
2178	100	0.0044504	0.00669706
2179	100	0.001352	0.000437187
2182	100	-0.00205151	0.0014304
2184	200	-0.00146324	0.000655867
2189	100	0.00180987	0.00253719
2190	100	0.000110474	0.00136723
2193	200	0.000450131	0.000584423
2195	200	0.00566036	0.00222072
2197	100	-0.0042105	0.000787631
2198	100	0.00139626	0.00174537
2201	200	-0.00213433	0.00109212
2208	200	-0.00414306	0.000739847
2210	100	0.00171741	0.00134171
2214	300	-0.000299023	0.000419169
2216	100	-0.00200781	0.00137341
2217	400	0.00384559	0.00314039
2218	100	-0.00108749	0.00113462
2219	100	0.00584348	0.00321265
2220	100	-0.00244269	0.000805167
2221	100	0.00123529	0.00103914
2223	100	-0.00406787	0.000820079
2224	100	-0.00587814	0.000613838
2226	300	0.000877725	0.0019089
2235	100	0.00133471	0.00214115
2238	100	0.0102736	0.00474365
2239	100	0.0106193	0.00530206
2240	100	-0.00267161	0.000805933
2241	200	0.000343785	0.000780736
2244	200	0.000807604	0.00259708
2245	100	0.00394684	0.000461137
2246	100	0.000427733	0.00106293
2248	100	-0.00350612	0.000561988
2250	100	0.00435452	0.000496792
2252	300	0.000253969	0.00212108
2255	300	0.000158999	0.000641749
2258	100	-0.00387173	0.00101991
2259	200	0.00395989	0.000479379
2261	200	0.00289895	0.00169784
2262	300	0.00601947	0.00753776
2269	100	0.000907921	0.00401566
2270	100	0.00646983	0.00259852
2272	100	0.00983433	0.0167717
2273	100	0.00718088	0.00734196
2274	100	0.00244301	0.00232959
2277	200	0.00334669	0.00196016
2278	100	-0.00203968	0.000869111
2279	100	0.00126741	0.000471352
2281	100	0.00177395	0.00135834
2283	100	0.00814178	0.0028516
2286	100	-0.00710542	0.000701627
2291	200	-0.00074839	0.000799996
2292	100	-0.00260158	0.000951594
2296	200	0.00625439	0.00401913
2298	200	0.00131487	0.000608156
2299	100	0.00220477	0.000489984
2300	100	-0.00422777	0.000899505
2302	200	0.00537844	0.00180502
2305	300	0.00684913	0.00231425
2306	100	0.00333427	0.00275086
2307	100	-0.00287154	0.000395024
2308	100	-0.00209629	0.000911564
2309	100	0.00746963	0.00492471
2311	200	0.00425328	0.0023289
2313	100	0.00235619	0.000908029
2318	100	-0.00076381	0.000657513
2319	100	0.0134735	0.00693098
2320	200	0.00529674	0.00147361
2321	100	0.00487574	0.000457021
2322	200	-0.000205843	0.000966709
2324	400	0.00130392	0.00104698
2326	100	0.00257383	0.000907774
2328	100	-0.00300168	0.00101033
2330	100	0.003539	0.000561271
2332	200	0.0113313	0.00785329
2334	100	0.00606103	0.00175735
2335	100	0.00535486	0.00389095
2336	100	0.000259396	0.00108641
2337	200	0.00260109	0.00183903
2339	100	0.00365215	0.00130136
2340	100	0.00677677	0.00221133
2341	200	0.00349202	0.00175369
2344	100	0.00051453	0.000802035
2345	200	0.00152804	0.00360618
2346	100	0.00360653	0.00103307
2349	300	0.00628843	0.000989524
2350	100	0.0051693	0.000736353
2351	100	0.00118533	0.00183157
2353	200	0.00538165	0.00141412
2359	100	0.00454008	0.00152612
2360	100	0.014312	0.00349412
2361	100	0.00119329	0.00115029
2368	200	0.0112617	0.00920105
2369	100	0.00277147	0.00227263
2370	200	0.00529862	0.000809622
2371	100	0.0102548	0.00638692
2373	200	0.00431945	0.00342822
2376	100	0.0175124	0.0135788
2378	100	0.0132263	0.00587834
2379	100	0.00523182	0.00120454
2385	200	0.00592128	0.00138632
2386	100	0.00390911	0.00212138
2390	100	0.00175247	0.000917593
2395	100	0.00249063	0.00135563
2396	100	-0.00136663	0.000541246
2398	100	0.00273426	0.000621965
2400	100	0.0152387	0.00772084
2401	200	0.00563289	0.00202303
2402	200	0.0057109	0.00100885
2403	100	0.0102183	0.000635815
2408	200	0.0115986	0.00525916
2411	100	0.00527068	0.000600988
2412	200	0.0110235	0.00368521
2413	200	0.0105112	0.00168115
2416	100	0.0199475	0.00615064
2417	100	0.0165348	0.00222304
2418	200	0.00809489	0.00319641
2420	100	0.00379479	0.000666956
2422	100	0.0173192	0.0135075
2423	100	0.0125252	0.000576616
2424	100	0.00527733	0.000757131
2425	100	0.001697	0.000916626
2428	100	0.00610682	0.000756397
2429	100	0.00409302	0.00079094
2430	100	0.0119199	0.00237625
2434	100	0.0202287	0.00534585
2436	100	0.0281299	0.0160886
2437	100	0.00830388	0.00111225
2438	100	0.00967779	0.00130425
2439	200	0.0137875	0.00779967
2440	100	0.0072272	0.00126499
2441	100	0.00772228	0.00098764
2442	100	0.0152084	0.00647843
2446	100	0.00730686	0.00124857
2447	100	0.0064632	0.00102452
2448	100	0.0127006	0.00167042
2449	300	0.00710378	0.00063202
2451	100	0.00491573	0.00061232
2452	100	0.00951013	0.00134338
2456	100	0.00654702	0.000650593
2458	100	0.0142645	0.000555786
2462	100	0.00457535	0.000529336
2463	200	0.0140409	0.00761152
2466	100	0.0159236	0.0023723
2467	100	0.0136552	0.00244309
2469	300	0.00822692	0.000749099
2470	100	0.00981289	0.000440484
2471	100	0.00687324	0.000795757
2472	100	0.0195999	0.0111173
2473	100	0.0163167	0.0053581
2475	100	0.0137012	0.000526054
2477	200	0.012578	0.000508877
2479	100	0.0286354	0.0087978
2480	100	0.0250269	0.0139284
2482	100	0.0177648	0.00391837
2484	200	0.0148668	0.00381473
2486	100	0.00748442	0.000822223
2487	100	0.00602847	0.00045675
2488	100	0.00932437	0.00101999
2489	200	0.0139791	0.00447605
2491	200	0.0111985	0.00189111
2492	100	0.0132384	0.00229118
2493	200	0.0138175	0.00205968
2495	100	0.0088453	0.00076663
2496	100	0.0163227	0.00563072
2497	100	0.0129407	0.00459178
2499	200	0.00589475	0.000963464
2500	100	0.0150151	0.00228228
2501	200	0.0148354	0.00255257
2502	100	0.018791	0.0029841
2506	100	0.00999692	0.000493845
2507	100	0.0149345	0.00119182
2509	200	0.0115556	0.00102626
2510	100	0.00978765	0.000571118
2511	100	0.0122514	0.00241137
2512	100	0.0159305	0.00172441
2513	100	0.00887124	0.000357903
2515	100	0.00996182	0.000540558
2516	200	0.00807949	0.000733516
2517	100	0.0097973	0.00127549
2519	100	0.00401735	0.000403457
2520	100	0.0147733	0.000606031
2521	100	0.0110188	0.000822386
2524	100	0.015092	0.00156258
2525	100	0.00913407	0.00080368
2528	100	0.0114842	0.000811563
2532	100	0.01344	0.00156695
2533	100	0.01015	0.00123106
2534	200	0.021104	0.0101989
2541	100	0.0172523	0.00765542
2542	100	0.00879532	0.00080394
2545	100	0.0107083	0.000773646
2547	100	0.0154944	0.00291496
2551	100	0.0199171	0.0126193
2553	100	0.0108362	0.00202637
2557	100	0.00928972	0.00121667
2558	100	0.00733101	0.000498552
2560	100	0.00820773	0.000636345
2562	100	0.0153535	0.0064779
2564	100	0.0178723	0.0131573
2565	100	0.00701062	0.00038053
2566	100	0.019728	0.00561656
2568	100	0.00834995	0.00101053
2569	100	0.0049119	0.000421154
2571	100	0.00345404	0.000391303
2572	200	0.00731476	0.000760478
2574	100	0.00743303	0.000941717
2575	100	0.0117681	0.00146634
2577	100	0.00529921	0.000534557
2578	100	0.011399	0.00249517
2581	200	0.009104	0.00134732
2582	100	0.00747388	0.000367255
2585	100	0.0159349	0.0104487
2587	200	0.00961814	0.000896815
2588	200	0.00804591	0.00126797
2589	100	0.00961216	0.00140039
2590	200	0.00685748	0.00106309
2591	100	0.00731665	0.00105047
2592	100	0.0293613	0.0157373
2593	100	0.00580581	0.000632339
2594	100	0.00999912	0.00106924
2597	100	0.00603562	0.000384609
2599	100	0.00822097	0.000820574
2600	200	0.0089634	0.00256579
2602	200	0.0119908	0.00380685
2605	100	0.0138624	0.00598967
2608	100	0.00869712	0.00329829
2609	200	0.00951946	0.00174396
2610	100	0.00992158	0.000889402
2611	100	0.00504909	0.000531725
2612	100	0.00450457	0.000455411
2613	200	0.0110465	0.00251913
2615	100	0.000512227	0.000445426
2618	300	0.00478397	0.000721475
2620	100	0.00350079	0.000506571
2621	200	0.00803747	0.00327105
2623	200	0.00593666	0.0010693
2626	300	0.00717468	0.00181383
2628	100	0.00964612	0.00276278
2629	100	0.00133251	0.00051978
2631	100	0.0040824	0.000815554
2636	100	0.00137006	0.000799473
2637	100	0.00371518	0.000502356
2640	100	0.00300302	0.000881858
2642	100	0.000391763	0.000297104
2646	100	0.00568204	0.00109809
2647	100	0.0048975	0.00451959
2648	100	0.000725369	0.000444463
2650	100	0.00379732	0.000566605
2653	100	0.00354757	0.000772033
2655	100	0.00211325	0.000552318
2657	200	0.00532264	0.00257322
2659	100	0.018226	0.0141787
2660	100	0.00366744	0.00227623
2661	100	0.004681	0.00105571
2663	100	0.00124056	0.00036403
2669	100	0.0108797	0.00493924
2671	100	0.00178402	0.000348214
2672	100	-0.000321005	0.00184675
2675	200	0.00383463	0.000636429
2678	200	-0.000287641	0.00049696
2679	200	0.00371842	0.00110654
2680	100	-0.00158311	0.000383416
2682	200	0.00365737	0.00146223
2686	100	0.00658758	0.00214678
2688	100	0.00269728	0.00142528
2692	100	0.0132246	0.0127795
2694	100	0.00124643	0.000998214
2695	100	-0.00130497	0.000382112
2698	100	0.00662766	0.0017831
2699	100	0.00821603	0.00152961
2702	100	-0.0032762	0.000479431
2703	100	0.0076817	0.0101608
2705	200	-0.00389607	0.000516933
2711	200	0.00636767	0.00726817
2712	100	0.00290461	0.000286777
2717	100	0.00415139	0.00142019
2718	100	0.00480048	0.000825955
2719	100	7.57301e-05	0.00160583
2721	100	0.00242232	0.000368476
2722	200	0.00416785	0.00386258
2723	100	0.0123302	0.0105639
2724	100	0.000275156	0.000324254
2725	300	0.0122829	0.0374544
2730	100	0.000702622	0.00139409
2732	200	-9.74923e-05	0.000711426
2733	100	0.00635898	0.00749986
2736	200	0.00466651	0.00315385
2737	100	0.00492387	0.00190815
2740	100	-0.00144691	0.000569057
2742	100	-0.00367782	0.000758389
2743	200	-0.000595984	0.00293496
2748	200	-7.42281e-05	0.00351105
2753	100	-0.000144065	0.00050592
2754	100	-0.00165138	0.00082868
2757	100	0.0018905	0.000719958
2758	100	0.000744924	0.000970835
2760	300	0.00581391	0.00406915
2761	100	-0.0063549	0.000708294
2767	200	0.00149016	0.000914284
2769	200	-0.00104963	0.000892959
2770	100	0.000879019	0.00431696
2772	100	-0.00389354	0.000901732
2776	200	-0.000136212	0.00108857
2780	100	-0.00026051	0.0021178
2789	100	0.00294401	0.000794218
2794	100	-0.00606296	0.000513263
2797	100	0.00511556	0.00367594
2803	100	0.00280196	0.00153916
2804	200	0.00248824	0.00286209
2809	100	-0.000620576	0.000842171
2812	100	0.000266835	0.000362706
2814	100	-0.0034831	0.00117888
2818	200	-0.000104069	0.00052833
2819	100	-0.000455913	0.000676122
2821	100	0.00452054	0.00410695
2824	100	0.00286231	0.00137002
2826	100	-0.00231245	0.00107015
2831	100	0.00345352	0.00246613
2834	100	-0.00151244	0.000361288
2836	100	-0.00378129	0.00068807
2837	200	0.00298933	0.0050749
2838	100	0.000606227	0.00103835
2839	100	-0.00424329	0.000509967
2840	100	-0.00413807	0.000389675
2846	100	-0.00347657	0.000813405
2847	100	0.00197311	0.00452418
2849	100	-0.00028972	0.000489165
2855	100	-0.00377395	0.000574898
2856	200	-0.00269881	0.00058464
2857	100	-0.000938356	0.00151061
2863	100	0.0053943	0.00433329
2865	100	0.00423563	0.00390954
2866	100	0.00794932	0.00662416
2869	100	-0.00476296	0.000982489
2872	100	0.000795718	0.00393714
2873	100	0.00280119	0.000433682
2875	100	-0.00584501	0.000770072
2876	200	-0.00227609	0.00250138
2879	100	0.00022937	0.000697717
2895	100	-2.61812e-05	0.000880522
2900	100	0.0127833	0.0141846
2902	100	0.00647341	0.00524821
2904	100	-0.00112711	0.00082794
2909	100	-0.0045923	0.000552317
2911	100	-0.00119207	0.000749484
2921	100	-0.00200387	0.000585626
2925	100	-0.00537162	0.000613491
2940	100	0.00227069	0.00209444
2942	100	0.00510664	0.0031431
2975	100	0.0118033	0.0112777
2979	200	0.00236729	0.0026117
2981	100	0.004412	0.00517007
2998	100	-0.00436109	0.00069751
3003	200	0.0119191	0.0411152
3004	100	0.00219319	0.00473107
3017	100	-0.00129078	0.000485633
3019	100	-0.000240772	0.00110241
3020	100	0.00291506	0.00739413
3025	100	-0.00480289	0.000675617
3027	100	-0.00566243	0.000532825
3029	100	-0.00814132	0.000528251
3033	100	-0.00202785	0.000608136
3039	100	-0.00643126	0.000561301
3043	100	-0.000916258	0.000608649
3044	100	0.00443842	0.00483868
3046	100	0.00177368	0.000621608
3055	100	0.000688024	0.000423821
3062	100	-0.00276656	0.000701083
3063	100	-0.00734005	0.000564735
3065	100	-0.00334559	0.000364129
3069	100	-0.000590339	0.00071386
3075	100	0.00402151	0.00367747
3076	100	-0.00541067	0.000426162
3078	100	0.00636639	0.00292248
3080	100	0.00141908	0.0028436
3082	100	0.00267835	0.00394932
3084	100	-0.000872892	0.00324354
3085	100	-0.00235382	0.000391175
3106	100	-0.00132721	0.000749012
3117	200	-0.000538977	0.00111685
3119	100	0.00283089	0.00435938
3124	100	-0.00325428	0.000333303
3136	100	0.0063597	0.00672641
3137	100	-0.00277594	0.000905683
3138	100	-0.00678474	0.000631783
3140	100	-9.88025e-05	0.00285208
3151	100	0.00798306	0.00625125
3155	100	-0.000417355	0.00050188
3166	100	-0.00516324	0.00050321
3167	100	-0.00983486	0.000565445
3172	100	-0.00513866	0.000685907
3176	100	0.00670817	0.00394408
3179	100	-0.000275017	0.000929927
3186	200	-0.00215312	0.000876911
3192	100	0.00105084	0.000438249
3193	100	-0.00620312	0.000970077
3199	100	-0.000366389	0.000877115
3210	100	-0.0047352	0.000494804
3216	100	-0.00249445	0.000468807
3220	100	-0.00174843	0.00423406
3221	100	0.000746877	0.000326318
3242	100	-0.00259012	0.000840806
3244	100	0.00681597	0.0048045
3250	100	-0.000396827	0.00357312
3255	100	0.00279356	0.00591031
3259	100	-0.00275891	0.000508002
3261	100	-0.000868761	0.000988158
3275	100	0.000662966	0.000804409
3278	100	0.0105477	0.0301585
3281	100	-0.00215029	0.000442377
3286	100	0.00349448	0.00169478
3287	100	0.0109156	0.0039879
3296	100	-0.00285027	0.000858053
3298	100	-0.00527828	0.000443504
3304	100	-0.002386	0.00276517
3306	100	0.00211579	0.00250619
3313	200	-0.00246	0.000968885
3316	100	0.00132402	0.00122902
3328	100	-0.00148699	0.000649113
3347	100	0.00255778	0.000527728
3350	100	-0.00184678	0.000617409
3354	100	-0.00101245	0.000773887
3356	100	-0.00105107	0.000351585
3360	100	-0.00473387	0.000569886
3366	100	0.0116769	0.00548817
3368	100	0.00223383	0.000745505
3373	100	-0.000728202	0.00114307
3374	100	-0.00161951	0.000526627
3375	100	-0.000264485	0.00342674
3379	200	-0.00132218	0.00185896
3381	100	0.015071	0.00566833
3384	100	-0.00409929	0.000364843
3389	200	0.00166561	0.00265347
3390	100	0.00163934	0.00205846
3401	100	-0.00236482	0.000683289
3405	100	0.00283136	0.00285297
3414	200	0.00355249	0.00295105
3430	100	0.00442629	0.00125298
3436	100	0.00168629	0.000641789
3438	100	-0.000594348	0.00069442
3442	100	0.00024325	0.00035166
3446	100	0.00234932	0.000839762
3455	100	-0.000684487	0.000416617
3458	100	-0.00148618	0.000735453
3461	100	-0.00306849	0.00104294
3468	100	-0.00285989	0.000487614
3472	100	-0.00378753	0.000535315
3475	100	-0.00200184	0.000804692
3480	100	-0.000460102	0.00137732
3487	100	-0.00182242	0.000626062
3488	100	0.00106652	0.000712885
3495	100	0.00148344	0.000824204
3496	100	-0.00342859	0.000607916
3503	100	-0.00181791	0.000870166
3510	100	-0.00134668	0.000610026
3525	100	-0.00288256	0.000676247
3530	100	0.00493484	0.00254022
3535	100	-0.00508974	0.000474629
3540	100	-0.000572851	0.000450853
3548	100	1.17763e-05	0.000448651
3549	100	0.00290617	0.000931403
3550	100	-0.00206465	0.000455263
3554	200	-0.00259845	0.000661953
3557	100	-0.00224388	0.000576374
3558	100	0.000321287	0.00041806
3561	100	-0.0037165	0.000486358
3568	100	-0.00238195	0.000579657
3570	100	0.00256947	0.000385329
3578	100	0.00455356	0.00120751
3584	200	-0.000988986	0.00119446
3588	100	0.00133122	0.000419323
3591	100	0.00554566	0.00119227
3600	100	-0.00595096	0.000623651
3602	100	-0.00077079	0.00119654
3605	100	0.00266415	0.00315123
3611	100	-0.00492483	0.000394129
3634	100	-0.000944939	0.000894742
3635	100	-0.000622734	0.000521061
3636	100	-0.00276598	0.00061951
3644	100	-0.000214227	0.00191877
3648	100	0.00230555	0.000606143
3650	100	0.00352609	0.00039323
3658	100	-0.00332719	0.000666752
3661	100	0.00449934	0.00294786
3664	100	0.0010263	0.00256005
3678	100	-0.000167731	0.00239658
3680	200	-0.00265492	0.000513626
3693	100	-0.00320261	0.00043801
3698	100	-0.00600379	0.000398827
3705	200	0.000684236	0.000624034
3712	100	0.000751061	0.000938808
3725	100	0.00313266	0.00206404
3735	200	0.00202542	0.00169664
3748	100	-0.000411931	0.000488945
3754	100	-0.0038276	0.000405954
3761	100	0.00119692	0.00162132
3766	100	0.000547155	0.000448275
3770	100	0.00123452	0.000439034
3772	100	-0.00235775	0.000606218
3776	100	-3.4994e-05	0.00104715
3781	100	-0.000638603	0.000906199
3795	100	-0.001369	0.000787743
3798	100	-0.000520765	0.000656757
3803	100	0.00158163	0.00210613
3807	100	-0.00209509	0.000702823
3808	100	-0.000996997	0.00243915
3827	100	-0.000313485	0.00145222
3831	100	0.000680736	0.00198367
3833	100	-0.00231589	0.000415807
3839	100	0.00531329	0.00285641
3848	100	-0.00358537	0.0005427
3852	200	-0.000781992	0.000797436
3854	100	-0.00274828	0.000438617
3894	100	-0.00658088	0.00086384
3902	100	-0.000217543	0.000527177
3904	100	-0.00326407	0.000590705
3906	100	-0.00250489	0.000570955
3909	200	0.000403478	0.000495165
3914	100	-0.00635173	0.000487925
3915	100	-0.00229111	0.00041279
3916	100	-0.00318469	0.00034732
3927	100	-0.000198518	0.000377745
3934	100	0.00609512	0.0013454
3945	100	-0.00398597	0.000498926
3947	100	-0.00124275	0.000499209
3949	100	-0.0040253	0.000356589
3970	100	0.00247597	0.000936748
3973	100	0.00269989	0.00127843
4001	100	-0.00584467	0.00066022
4021	100	-0.00884712	0.000484562
4022	100	-0.00389444	0.000480031
4028	100	-0.00302019	0.000706583
4042	100	-0.00259637	0.000519516
4058	100	-0.00267253	0.000493299
4062	100	-0.000551087	0.000560688
4064	100	-0.00512367	0.000431279
4070	100	0.000561597	0.000384173
4071	100	-3.37531e-05	0.00133262
4076	100	0.00155254	0.000741224
4082	100	0.00565495	0.00570779
4084	100	-0.00158917	0.000930407
4095	100	-0.00391493	0.000464924
4096	100	-0.00402026	0.000513419
4102	100	-0.00225066	0.000506348
4120	100	-0.00211813	0.00275669
4126	100	-0.00297586	0.000359037
4143	100	-0.00152074	0.000442024
4151	100	-0.000259343	0.00058856
4154	200	-0.00509459	0.000551903
4158	100	-0.00331156	0.000778615
4168	100	-0.00591059	0.000558527
4170	100	-0.00161687	0.000366075
4178	100	-0.00254408	0.00110983
4182	100	-0.00581262	0.000358182
4195	200	-0.00365908	0.000385647
4199	100	-0.00159138	0.000429827
4200	100	-0.00266123	0.000959092
4208	100	0.0110697	0.00756952
4215	100	-0.00419674	0.000480542
4230	100	0.00806362	0.00505187
4241	100	-0.00416059	0.000389722
4248	100	-0.00337489	0.000679359
4269	100	-0.00576394	0.000465398
4274	100	-0.00159427	0.000775635
4282	100	0.00330199	0.00221497
4297	100	0.00339936	0.000915875
4304	100	-0.0027281	0.000748545
4308	200	-0.0023948	0.00043433
4310	200	-0.00351634	0.000788239
4316	100	-0.00449639	0.000395765
4317	100	-0.00143665	0.000454413
4321	100	0.00291371	0.00331851
4324	100	-0.00610141	0.000461065
4342	100	-0.00454523	0.000594507
4345	100	-0.000257367	0.000415156
4348	100	-0.00467789	0.000380664
4358	100	-0.00231502	0.000788512
4359	100	-0.0059812	0.000417402
4365	100	-0.000386118	0.00171575
4366	100	0.000324728	0.00273317
4389	100	4.42583e-05	0.00107095
4391	100	-0.00437899	0.000608738
4393	200	-0.00399362	0.000497019
4400	100	-0.0064176	0.000404371
4405	100	-0.00034395	0.00236016
4406	100	-0.00886701	0.000397039
4410	100	-0.00832411	0.000449351
4420	100	-0.00234596	0.00146052
4421	100	-0.00249983	0.00044419
4424	100	-0.0032555	0.000398047
4425	100	-0.00366225	0.000815986
4435	100	-0.00440749	0.000463866
4439	100	-0.00363805	0.000382375
4441	100	0.000121433	0.00138198
4443	100	-0.00130586	0.000373486
4449	100	0.000303055	0.000339306
4451	100	-0.0018751	0.000730642
4454	100	-0.00489099	0.000647755
4457	100	-0.00310679	0.000646436
4461	100	0.00139719	0.00397947
4463	100	0.00224784	0.00160109
4466	100	-0.000175891	0.000461954
4469	100	0.000158237	0.000405218
4480	100	0.00429531	0.00456458
4490	200	-0.000322958	0.00169898
4491	100	-0.0054262	0.000559116
4499	100	0.000654954	0.00416847
4503	100	-0.00307533	0.000530715
4517	100	-0.000534637	0.00103299
4522	100	-0.00435632	0.000464848
4547	100	-0.00321654	0.000417845
4566	100	-0.00482161	0.000563841
4575	100	-0.00423811	0.000619015
4593	100	-0.000191527	0.000416055
4596	100	0.00597684	0.00366755
4602	100	0.00126791	0.000394008
4604	100	-0.00435567	0.000495462
4609	100	0.00108643	0.000796587
4612	100	0.000215594	0.000375378
4618	100	0.0013425	0.000514333
4632	100	-0.00173116	0.000398376
4639	100	-0.000923292	0.00184391
4640	100	0.000179839	0.000432121
4660	100	-0.000662389	0.000282526
4662	100	-0.00348865	0.000444623
4663	200	-0.00249986	0.00051794
4674	200	-0.00105739	0.000404381
4681	100	-0.00643849	0.000583629
4706	100	0.00120975	0.00130949
4707	100	-0.00272982	0.00049135
4708	100	-0.00641426	0.000494119
4714	100	-0.00406197	0.000370767
4717	100	-0.0044579	0.000375524
4721	200	-0.00299181	0.000595745
4739	100	-0.00339057	0.000376087
4759	100	-0.00335524	0.000423688
4765	100	0.000369677	0.000477818
4778	100	2.66498e-06	0.00044188
4781	100	0.000302748	0.000531284
4790	100	-0.00389876	0.000475124
4794	100	-0.00282812	0.000400864
4798	100	-0.00174578	0.000588729
4820	100	-0.0018081	0.00182857
4824	100	-0.000254411	0.00244706
4826	100	-0.00439151	0.000483757
4827	100	-0.000377429	0.000492586
4828	100	-0.00300107	0.000725974
4831	100	-0.00118206	0.000393033
4839	100	-0.000835904	0.000886161
4841	100	0.000453891	0.000441749
4847	100	-0.00242894	0.000338478
4855	100	0.00427554	0.00335657
4865	100	-0.00307374	0.000393645
4888	100	-0.00286622	0.000413449
4891	100	-0.00363913	0.000388448
4894	100	0.00176563	0.000483299
4896	100	0.00081987	0.000763913
4904	100	-0.00200356	0.000409589
4929	100	0.00227514	0.000718151
4931	100	-0.00117496	0.000513563
4946	100	-0.00139776	0.000379384
4975	100	-0.00276478	0.00032225
5018	100	0.00149421	0.000776706
5026	100	0.00230192	0.00122817
5035	100	-0.00216499	0.000513621
5040	100	-0.000155189	0.00081648
5067	100	-0.000906367	0.000352909
5089	100	0.00185595	0.000403086
5099	100	0.00568555	0.0012587
5105	100	0.00148329	0.000569923
5125	100	0.000982921	0.000759088
5142	100	-0.00214933	0.000347775
5152	200	-0.000127197	0.000443044
5166	200	0.00194784	0.00132734
5172	200	-0.00157628	0.000440781
5175	100	-0.00342658	0.000391785
5191	100	-0.0031373	0.000434148
5192	100	-0.00244269	0.000607121
5198	100	-0.00328098	0.000394499
5199	100	0.0034201	0.000366958
5201	100	-0.00343151	0.000391076
5217	200	-0.000285218	0.000483902
5223	100	-5.14705e-05	0.00143598
5241	100	0.00241754	0.00159502
5252	100	-0.000540447	0.00209943
5269	100	-0.0022528	0.00048294
5271	100	0.000664865	0.00066007
5284	100	-0.00162059	0.000389808
5330	100	0.00185998	0.000891526
5333	100	-0.00155284	0.000329754
5356	100	0.00277906	0.000364245
5385	100	-0.00320678	0.000399641
5407	100	-0.00200159	0.000375009
5414	100	-0.00231034	0.000419428
5427	100	0.000893429	0.000457435
5442	100	-0.0025707	0.000367199
5499	100	-0.00312027	0.000472496
5504	100	0.00109595	0.000561591
5507	100	-0.00313883	0.000434663
5508	200	-0.00207672	0.000458035
5510	100	-0.00301715	0.00150831
5512	100	-0.00372768	0.000577525
5534	100	0.000100614	0.000326473
5544	100	-0.00219132	0.000403365
5611	100	-0.00340628	0.000517028
5617	100	-0.000287432	0.000440819
5641	100	-0.00192009	0.000429797
5694	100	-0.00247956	0.000511276
5730	100	-0.00500609	0.00040313
5767	100	0.000860771	0.000811923
5825	100	-0.000717105	0.000336879
5828	100	-0.00227303	0.000530193
5847	100	-0.00257452	0.000301001
5892	100	0.00211886	0.000666898
5897	100	-0.0071359	0.000408917
5974	100	-0.00297311	0.000452015
5981	100	-0.00254866	0.000383978
6000	100	-0.00662762	0.000418619
6018	100	-0.00374112	0.000431679
6040	100	-0.00310795	0.000426577
6053	100	-0.000778877	0.000505061
6058	100	-0.00204307	0.000417404
6066	100	-0.00331054	0.000518782
6073	100	-0.00778626	0.000532948
6078	100	-0.00086769	0.000286385
6084	100	0.00114185	0.00312184
6087	100	-0.00363622	0.000579822
6094	100	-0.00058945	0.000326633
6098	100	-0.00389172	0.000472382
6111	100	-0.00273803	0.000399192
6125	100	-0.00696778	0.000476098
6147	100	-0.00425035	0.000676963
6150	100	-0.00347063	0.000531011
6157	100	-0.00497624	0.000826147
6166	100	-0.00635277	0.000467399
6178	100	-0.00202785	0.000712541
6206	100	0.00024957	0.00114924
6210	100	-0.00404726	0.000843557
6214	100	-0.0039864	0.000396063
6220	100	-0.00195418	0.000391889
6243	100	-0.00420507	0.000503739
6244	100	-0.00222924	0.000424016
6253	100	0.000316628	0.000553204
6260	100	-0.00403698	0.000364844
6262	100	-0.00644988	0.000467136
6264	100	-0.00653438	0.000552445
6293	100	-0.00117378	0.00246804
6303	200	-0.00404794	0.000472388
6325	100	-0.0014897	0.00154002
6326	100	-0.00460459	0.000356894
6329	100	-0.00572449	0.000561948
6330	100	-0.0035078	0.000360041
6332	100	-0.00395276	0.00048762
6340	100	-0.00165403	0.00127803
6350	100	-0.00243251	0.000511936
6362	100	-0.00804012	0.000567021
6363	100	-0.00437566	0.000408426
6370	100	-0.00251957	0.00175537
6371	100	-0.0100115	0.000454164
6375	200	-0.00211763	0.000804403
6376	100	-0.00558738	0.000528845
6383	100	-0.00183194	0.000755788
6387	100	-0.00207362	0.000601582
6391	100	-0.00141782	0.000398025
6402	100	0.000797481	0.000648644
6414	100	-0.00306302	0.000688821
6418	100	-0.0038133	0.000465593
6437	100	-0.00432597	0.000526956
6439	100	-0.00268597	0.000437011
6440	100	-0.000558935	0.000768389
6441	100	-0.00498311	0.000533239
6457	100	-0.00100021	0.000933269
6468	100	-0.00103576	0.000618006
6472	200	-0.0020208	0.00109414
6479	100	0.00232348	0.000666058
6480	100	-0.00271306	0.000521911
6484	100	-0.00528808	0.000446974
6485	100	0.00111934	0.000535174
6491	100	-0.00369104	0.000447528
6493	100	-0.0038554	0.000488625
6495	100	-0.000898192	0.000484834
6500	100	0.00286442	0.0025602
6506	100	0.000160341	0.000585685
6511	100	-0.00580197	0.000487557
6516	200	-0.0046405	0.000546764
6521	100	-0.00533162	0.000596511
6530	100	0.000232816	0.000513826
6541	100	-0.00145949	0.000523918
6551	100	0.000740102	0.000458008
6555	100	0.00271633	0.000592171
6557	100	-0.00375074	0.000451
6565	100	-0.00279033	0.000384884
6569	100	0.000691569	0.000983414
6595	100	-0.00136377	0.000451258
6601	100	0.00405585	0.00130047
6602	100	-0.00471866	0.000582162
6604	200	-0.0015527	0.000478184
6614	200	-0.000799498	0.000801587
6616	100	0.00199846	0.000598751
6628	100	0.00236654	0.000527447
6634	100	0.00111169	0.000973514
6638	100	-0.00476187	0.000332799
6644	100	0.00237404	0.000575768
6655	100	-0.00141686	0.00055342
6661	100	0.000853352	0.000566479
6666	100	-0.00154163	0.000763373
6669	100	-0.00134315	0.000295216
6671	100	-0.0058948	0.000558688
6674	100	-1.53123e-05	0.000388423
6678	100	-0.00163761	0.000394742
6698	100	-0.00154501	0.000961611
6706	100	-0.00310642	0.000597456
6708	100	-0.00276213	0.000652783
6715	100	-0.00514424	0.000467453
6716	100	-0.00240671	0.000427579
6719	100	-0.000153956	0.000370025
6728	100	-0.00233283	0.000380143
6731	200	0.000389256	0.000423374
6737	100	-0.00125379	0.000543914
6741	100	0.0014992	0.00192741
6744	100	-0.00585302	0.000504359
6745	100	-0.00190543	0.000745974
6749	100	-0.000532855	0.000393165
6754	100	-0.00242231	0.000495553
6762	100	-0.00272643	0.000391705
6767	100	-0.00342084	0.000436223
6787	100	0.000129229	0.000647242
6793	100	8.53643e-05	0.000470761
6804	100	-0.00281316	0.000639355
6813	100	0.00296981	0.000679175
6815	100	0.000265455	0.00105812
6816	100	-0.000618254	0.000637606
6819	100	0.00152547	0.000626306
6820	100	-0.00298742	0.000475513
6823	100	0.00144269	0.000496778
6826	100	-0.00390725	0.000402738
6829	100	-0.000776652	0.0013371
6831	100	-0.000266663	0.000417418
6834	100	0.00036117	0.000548838
6839	100	0.00114118	0.000323081
6844	100	-0.00394559	0.000495233
6847	100	0.00131001	0.000439001
6856	100	0.000102493	0.00102333
6861	100	-0.00150295	0.000476772
6862	100	-0.00331852	0.00028853
6869	100	-0.000941522	0.000531579
6881	100	0.0032247	0.00338267
6896	100	0.000844179	0.000351115
6902	100	0.00206319	0.00162117
6903	100	-0.000399877	0.000375818
6905	100	0.000797881	0.00123318
6920	200	0.000178139	0.000791257
6928	100	0.00281741	0.000452364
6929	100	-0.00360956	0.000370815
6940	200	0.00291087	0.000962407
6944	100	0.000214885	0.00115817
6946	100	0.000377119	0.000426681
6953	100	-0.00471076	0.000436053
6961	100	-0.00191945	0.000456841
6962	100	-0.000934666	0.000753111
6976	200	0.000938815	0.000604379
6978	100	-0.00217702	0.0005413
6990	100	0.00409466	0.000521828
6992	100	-0.000757969	0.000635986
6997	100	-0.00155017	0.000794942
7012	100	0.000215562	0.000528688
7013	100	0.00109685	0.00183685
7016	100	-0.000975678	0.000384173
7021	100	-0.00412989	0.000528762
7024	100	0.00249071	0.00121442
7047	100	-0.00191936	0.000397303
7058	100	-9.78233e-06	0.00157492
7059	100	0.00387539	0.0019413
7071	200	-0.00212799	0.000431737
7080	200	9.27852e-05	0.00114327
7084	100	0.00103859	0.000552448
7093	100	-0.000595248	0.000577913
7095	100	0.000463214	0.000610851
7103	100	0.000623085	0.000413791
7121	100	-0.00242468	0.000450584
7127	100	-0.00433592	0.000456867
7146	100	-0.00314856	0.000442465
7147	100	-0.00254619	0.000475357
7156	100	-0.000438278	0.000810997
7192	100	0.00281284	0.00164712
7199	100	-0.00454453	0.000418416
7217	100	0.00127583	0.00049774
7224	100	-0.00270069	0.000604804
7235	100	-0.00156211	0.000476922
7239	100	0.00199938	0.00043394
7249	100	0.00192273	0.000464004
7252	100	-0.00406066	0.000388147
7256	200	-0.00355926	0.000383414
7261	100	0.00120017	0.000500688
7266	100	-0.00261513	0.000881382
7277	100	-0.000965088	0.000886123
7284	100	-9.15833e-06	0.000757683
7306	100	-0.00244219	0.000534596
7346	100	0.00266516	0.000918866
7350	100	0.00141828	0.000304872
7353	100	-0.00183617	0.000417094
7354	100	0.000609121	0.000529096
7363	100	0.00204925	0.00100493
7367	100	-0.00201395	0.000542005
7368	100	-0.000738167	0.000425409
7376	100	0.00380142	0.000553222
7380	100	-0.000704589	0.000563431
7394	100	-0.000972673	0.00144624
7398	100	0.00150632	0.000386662
7404	100	0.0026219	0.000523988
7419	100	0.000402749	0.000818535
7425	100	0.0029819	0.000638421
7427	100	0.000645544	0.000523205
7450	100	-0.00241616	0.000445916
7470	100	-0.00389346	0.000397158
7473	100	0.00109565	0.00107971
7480	200	-0.000830076	0.00111768
7494	100	-0.00217853	0.000406668
7497	200	0.000648471	0.000533503
7503	100	-0.000672445	0.000335068
7505	100	0.00502018	0.00231328
7507	100	0.00676545	0.00183127
7510	100	0.00237068	0.000517171
7512	100	0.00240128	0.00128385
7513	100	-0.00492389	0.000370054
7518	200	0.00441907	0.00218454
7529	100	-0.0017912	0.000737352
7542	100	0.00231342	0.00129331
7546	100	-7.75043e-05	0.000382015
7549	100	-0.00421344	0.000519321
7552	200	-0.00148497	0.000718694
7556	300	0.00136693	0.000464764
7570	100	-0.000411321	0.00056419
7583	100	0.000339598	0.000535374
7590	100	-0.00398141	0.000390051
7602	100	-0.00131856	0.00107023
7609	100	-0.00376069	0.000378289
7612	100	-0.00444925	0.000349362
7619	100	-0.00143733	0.000414736
7621	100	0.00349387	0.000767346
7629	100	0.00208383	0.00051658
7630	100	-0.00686642	0.000500774
7634	100	0.00359873	0.000493697
7639	100	0.00194327	0.00178441
7642	100	-0.00162744	0.000425529
7643	100	-0.000339793	0.000603691
7650	200	0.00135262	0.00106556
7659	100	-0.00342598	0.000483284
7670	100	-0.00476916	0.00050848
7673	100	-0.000240945	0.000537758
7690	100	-0.00640177	0.000290377
7704	100	-0.000428819	0.000759917
7706	100	-0.00244877	0.000504727
7707	100	-0.00773317	0.000490008
7711	100	-0.00194734	0.000403177
7712	100	-0.00250829	0.000403148
7719	100	0.000622289	0.000397443
7722	100	0.00128159	0.000378198
7724	100	-0.00156812	0.000420705
7726	100	0.00178613	0.00204639
7727	100	0.00142322	0.00176478
7734	100	-0.00163832	0.000408245
7737	100	0.00365272	0.000735216
7739	100	-0.00655937	0.000430313
7742	100	-0.00374604	0.000513832
7745	100	-0.00213568	0.00043092
7748	100	-0.000839071	0.00135355
7749	100	-0.00245191	0.000411535
7761	200	-0.00196759	0.000392928
7763	100	-0.000532676	0.000527695
7773	100	0.000155509	0.000443237
7783	100	-0.000339114	0.000710744
7796	100	-0.00258464	0.000511735
7799	100	-0.00196446	0.000402583
7800	100	0.00193033	0.000910542
7814	100	0.00436526	0.000999221
7937	100	-0.00233803	0.000531103
7967	100	0.00223193	0.00100772
7998	100	-0.00233386	0.000399937
8216	100	-0.00262451	0.000375687
8255	100	-0.00352167	0.000495973
8422	100	-0.00428396	0.000423296
8434	100	-0.00454747	0.000404721
8600	100	-0.00321048	0.000386224
8809	100	0.00108533	0.00111393
8894	100	-0.00338613	0.000445388
9122	100	0.00392584	0.0018237
9486	100	0.00218411	0.000409834
9624	100	0.000226458	0.00038425
9653	100	0.000772829	0.000444867
9704	100	-0.0010007	0.000386598
9732	100	0.00226235	0.00035148
9876	100	-0.0015365	0.000468574
9954	100	0.000830634	0.000373241
10106	100	0.00117347	0.00049662
10125	100	-0.00097058	0.000502511
10130	100	0.0021446	0.000373547
10180	100	0.00432201	0.000757464
10187	100	-0.00369653	0.000458903
10199	100	-0.000534013	0.000454537
10269	100	-2.56516e-05	0.000422998
10320	100	0.000186575	0.000504209
10355	100	0.00107348	0.000413703
10381	100	-0.00441712	0.000390173
10419	100	0.00213176	0.00040785
10448	100	0.00258619	0.000810845
10483	100	-0.00172643	0.000740841
10512	100	-0.00260313	0.000398348
10528	100	0.00321192	0.000664167
10531	100	-0.00161359	0.000329272
10533	100	0.00189407	0.00115938
10538	100	-0.00381788	0.000327411
10548	100	-0.00333842	0.000378509
10555	100	-0.00186992	0.000355677
10583	100	-0.00303053	0.00040682
10589	100	-0.00227436	0.000367128
10591	100	-0.00122244	0.000448349
10603	100	-0.00129911	0.000434093
10608	100	0.00025856	0.000839218
10644	100	-0.000192186	0.000608295
10648	100	0.000731166	0.001015
10652	100	-0.00152813	0.000371877
10664	100	-0.00596166	0.000434762
10684	100	0.0021026	0.000395742
10708	100	-0.00236589	0.000597479
10713	100	0.000161235	0.000870818
10721	100	-0.00258003	0.000381751
10723	100	-0.00182809	0.000415289
10743	100	-0.0042659	0.000298391
10747	100	-0.000672583	0.000510301
10761	100	0.000927021	0.000660396
10769	100	0.00426431	0.000735038
10775	100	-2.8949e-05	0.00046028
10790	100	-0.000622223	0.000886549
10820	100	0.00101887	0.000552243
10829	100	-0.00213573	0.000561652
10833	100	-0.00204345	0.000411377
10841	100	-0.000724195	0.000309385
10842	100	-0.0035947	0.000474142
10858	100	-0.000327731	0.000421547
10859	200	-0.000246938	0.00037274
10862	100	-0.00397695	0.000409259
10868	100	0.000490688	0.000359908
10941	100	-0.00218231	0.000543874
10952	100	0.000339679	0.000573735
10961	100	-1.60252e-05	0.000405618
10980	100	0.00173528	0.000641572
10988	100	-0.00303339	0.000477215
11006	100	-0.00169808	0.000451777
11010	100	0.00250491	0.000408419
11027	100	-0.00207375	0.000446609
11036	100	-0.00359054	0.000382328
11058	100	-0.00157275	0.000360979
11084	100	-0.000645791	0.000470663
11097	100	-0.00469023	0.000346251
11108	100	0.000985006	0.000425383
11160	100	-0.00108744	0.000479223
11168	100	0.00211448	0.000422831
11278	100	-0.00135216	0.000346074
11402	100	-0.00322556	0.000430765
11416	100	5.65802e-05	0.000371621
11458	100	0.0016236	0.000462761
11485	100	-0.00114746	0.000556832
11535	100	-0.00234718	0.000757453
11554	100	-0.000455831	0.000368908
11624	100	-0.00407299	0.000351518
11679	100	-0.0029218	0.000414717
11698	100	-0.00560754	0.000406084
11719	100	-0.00460631	0.00042404
11856	100	-0.00408216	0.000299534
11904	100	-0.00377347	0.000554917
11944	100	-0.00461093	0.000507652
12069	100	0.00367935	0.000847392
12182	100	0.00140251	0.000418487
12416	100	-0.00121364	0.000682254
12524	100	-0.000376748	0.000336499
21855	100	-0.00170281	0.000558115
34630	100	-0.000502878	0.000296363
