100	34500	-0.151653	0.0665958
101	34500	-0.149344	0.0645988
102	30100	-0.145345	0.0700878
103	34200	-0.144839	0.0611959
104	30200	-0.144644	0.0702609
105	29300	-0.140297	0.0700195
106	29800	-0.150239	0.0625229
107	31500	-0.145018	0.0696002
108	29200	-0.144615	0.0570733
109	27700	-0.145496	0.0598195
110	29600	-0.143762	0.056337
111	26800	-0.140727	0.0815185
112	27900	-0.139558	0.0732115
113	32200	-0.135429	0.0535272
114	28700	-0.140309	0.0522003
115	28200	-0.137939	0.0619521
116	27100	-0.135433	0.0483442
117	27900	-0.135596	0.0567397
118	29300	-0.135352	0.0605326
119	28900	-0.137024	0.0639194
120	29000	-0.134785	0.0474493
121	26300	-0.126405	0.0625939
122	26700	-0.131532	0.0868665
123	21100	-0.130095	0.0662559
124	23500	-0.128651	0.053746
125	24600	-0.129481	0.0566924
126	22200	-0.129596	0.0525537
127	23800	-0.131785	0.0437225
128	21200	-0.118663	0.051886
129	20800	-0.123676	0.0736716
130	20900	-0.126007	0.0428883
131	17100	-0.119968	0.0460949
132	16800	-0.116585	0.0409992
133	19800	-0.113676	0.0463233
134	18800	-0.117179	0.0465911
135	16700	-0.117371	0.0358873
136	16900	-0.111608	0.0392562
137	18300	-0.116165	0.0534361
138	16100	-0.112215	0.033664
139	15100	-0.105534	0.036456
140	15600	-0.100846	0.0339645
141	15700	-0.0999252	0.034364
142	20700	-0.094755	0.0283374
143	17800	-0.0961612	0.0279458
144	17100	-0.0918274	0.0264879
145	17000	-0.0901612	0.026985
146	16900	-0.089489	0.0310095
147	17400	-0.0823728	0.0239026
148	17700	-0.0902958	0.0242016
149	21400	-0.0822671	0.0239696
150	18700	-0.0795578	0.0235576
151	18300	-0.0779591	0.0205293
152	17800	-0.0716213	0.0185578
153	16700	-0.0787612	0.0194152
154	21200	-0.0733565	0.0203518
155	19400	-0.0763095	0.0203097
156	19300	-0.0706912	0.017483
157	18900	-0.069236	0.0193011
158	18900	-0.0778882	0.0177227
159	19200	-0.0736818	0.023965
160	15600	-0.0743703	0.0206433
161	15500	-0.0666809	0.0175804
162	15500	-0.0765387	0.0170916
163	15700	-0.0727113	0.0404887
164	16500	-0.0784534	0.0207203
165	13800	-0.0788632	0.0229154
166	11600	-0.0807562	0.0211766
167	12200	-0.0725015	0.0195366
168	14400	-0.0872766	0.023108
169	11400	-0.0832204	0.0215722
170	12400	-0.0839135	0.0238753
171	12500	-0.0802373	0.0224807
172	14000	-0.0778402	0.0228712
173	9600	-0.0783047	0.0222498
174	11900	-0.0798721	0.018732
175	10800	-0.0809505	0.0197653
176	13800	-0.0811675	0.0194271
177	10200	-0.0743126	0.0234958
178	10600	-0.0747018	0.0189864
179	9100	-0.0768222	0.0169423
180	11500	-0.0815642	0.0189591
181	10000	-0.076323	0.0209811
182	11100	-0.0764365	0.0168065
183	11200	-0.0834659	0.0201639
184	11500	-0.0716014	0.0173875
185	12500	-0.0742241	0.0152513
186	11300	-0.0703115	0.0187022
187	12400	-0.0661914	0.0154049
188	11400	-0.0679595	0.0159232
189	12700	-0.0657767	0.0194825
190	13300	-0.0619351	0.0144172
191	13400	-0.0632177	0.020373
192	13100	-0.0601044	0.0127955
193	15100	-0.061828	0.0145664
194	15400	-0.0521596	0.0108296
195	17200	-0.0521554	0.0111592
196	17900	-0.0527195	0.0111804
197	18700	-0.0556189	0.011962
198	20300	-0.0464555	0.0107696
199	16300	-0.0485359	0.0104168
200	18900	-0.0447508	0.00973946
201	20100	-0.0447592	0.00917207
202	17700	-0.0459433	0.010057
203	20200	-0.0437813	0.0095475
204	19000	-0.0458495	0.00903668
205	19400	-0.0446514	0.00971254
206	14700	-0.0488142	0.00974828
207	15400	-0.0432557	0.00834022
208	14300	-0.0444193	0.00908095
209	14300	-0.0473938	0.0113862
210	13600	-0.0422913	0.00954469
211	14100	-0.048699	0.00850513
212	12500	-0.0553453	0.0125265
213	11100	-0.0556436	0.0140333
214	13200	-0.0498035	0.0087235
215	10100	-0.0523003	0.0114597
216	8700	-0.0555624	0.0119771
217	9500	-0.0575216	0.00953732
218	7600	-0.0587317	0.011938
219	5900	-0.0497805	0.0104535
220	8700	-0.0586726	0.0111805
221	5300	-0.0584415	0.0102116
222	6900	-0.0597321	0.0109141
223	5300	-0.0680258	0.014901
224	6200	-0.0586145	0.011487
225	5600	-0.0533351	0.00905627
226	4600	-0.0577132	0.0102249
227	4300	-0.0561164	0.0136376
228	5600	-0.0622022	0.0112349
229	4200	-0.0641363	0.0215741
230	4100	-0.0639465	0.0105116
231	5500	-0.0668179	0.0117648
232	4800	-0.059037	0.0160283
233	4700	-0.0625697	0.0103348
234	3200	-0.0575393	0.110559
235	3900	-0.0546129	0.00910705
236	4100	-0.0660837	0.0117368
237	5000	-0.0597985	0.0136507
238	4800	-0.0585019	0.0241193
239	3400	-0.0666312	0.0110797
240	4400	-0.0593489	0.0100035
241	4800	-0.0622796	0.010255
242	4600	-0.063627	0.0104428
243	5100	-0.0597414	0.0130758
244	3400	-0.0636089	0.0102895
245	4200	-0.0627204	0.021354
246	2700	-0.056385	0.0141862
247	3000	-0.0585339	0.0111955
248	3200	-0.0674645	0.0125982
249	3200	-0.0685677	0.0141066
250	4500	-0.0644114	0.0117667
251	3700	-0.0665834	0.0193311
252	4100	-0.0623382	0.00996111
253	4300	-0.0647515	0.011793
254	3100	-0.0675476	0.00915176
255	3000	-0.0629302	0.0159689
256	2900	-0.0640191	0.0099291
257	2700	-0.0648729	0.0119881
258	3000	-0.0608934	0.00915608
259	3200	-0.0645205	0.0125983
260	2600	-0.0633428	0.0115701
261	3700	-0.0647554	0.0109009
262	2900	-0.064382	0.0169371
263	3000	-0.0694729	0.0111211
264	2800	-0.0620498	0.0119268
265	2800	-0.0669671	0.00875283
266	2000	-0.0622276	0.0100371
267	3900	-0.0634506	0.00930618
268	2000	-0.0630745	0.0102009
269	2400	-0.0609473	0.00949493
270	2700	-0.0676138	0.00902709
271	3800	-0.0605817	0.0085989
272	2900	-0.0645093	0.00851377
273	2400	-0.0606562	0.0146329
274	3200	-0.061183	0.00945016
275	2700	-0.0559061	0.0101972
276	2600	-0.060921	0.00748928
277	2200	-0.060724	0.0124858
278	1700	-0.0603589	0.0128788
279	2700	-0.0609532	0.00902161
280	3600	-0.0548354	0.0113333
281	2700	-0.0622188	0.0117979
282	2400	-0.0614889	0.00913193
283	2200	-0.0555909	0.0125252
284	1200	-0.0546492	0.0179465
285	2100	-0.0565012	0.00806343
286	2500	-0.0629974	0.0098063
287	3400	-0.0580188	0.00878512
288	3400	-0.060958	0.00899046
289	3400	-0.0557335	0.0101214
290	3500	-0.056347	0.0126349
291	2400	-0.0542106	0.0100913
292	3800	-0.0581602	0.00828673
293	3600	-0.0561045	0.0101028
294	2700	-0.0579613	0.00916055
295	2500	-0.0589421	0.00907962
296	2600	-0.0544762	0.00899799
297	2200	-0.0545052	0.0125101
298	1700	-0.0479223	0.00616969
299	2000	-0.0559158	0.00605013
300	2700	-0.0551283	0.00778726
301	2300	-0.0500768	0.00614104
302	2800	-0.0534819	0.00642945
303	1800	-0.0572521	0.00799961
304	1800	-0.0555814	0.00694297
305	1900	-0.0562251	0.0101261
306	1800	-0.0502636	0.00818751
307	1600	-0.0485715	0.0065834
308	2300	-0.0490432	0.00878371
309	2100	-0.0534419	0.0106923
310	2400	-0.0511861	0.00859155
311	2600	-0.0511817	0.00757208
312	2600	-0.0573502	0.00751273
313	2100	-0.0507835	0.00588855
314	2300	-0.0489561	0.00938891
315	1800	-0.0458126	0.00635038
316	2000	-0.0548903	0.00715493
317	1400	-0.0554182	0.0059313
318	1300	-0.0503242	0.00722883
319	1900	-0.0542648	0.00919711
320	2000	-0.050544	0.0070062
321	1600	-0.044705	0.00938426
322	1400	-0.0476942	0.00489143
323	1700	-0.0476419	0.00598638
324	2000	-0.0519488	0.0063156
325	1400	-0.0521872	0.00858419
326	1900	-0.0515054	0.00558142
327	1500	-0.0437005	0.0108257
328	2400	-0.0533174	0.0072428
329	2200	-0.0502283	0.00572574
330	1900	-0.0496739	0.00994266
331	1900	-0.0464436	0.00664009
332	1900	-0.0490616	0.0121041
333	1700	-0.046773	0.00795994
334	1600	-0.0433088	0.00757217
335	1600	-0.0493864	0.00781847
336	2100	-0.0455001	0.00594135
337	2600	-0.0512586	0.00627569
338	2500	-0.0513781	0.00792043
339	1900	-0.0505986	0.00625421
340	1900	-0.050279	0.00613976
341	1200	-0.0522935	0.00769931
342	2100	-0.0517663	0.005639
343	1500	-0.0472225	0.0072401
344	1800	-0.0479691	0.00535074
345	1300	-0.0503331	0.00887364
346	2300	-0.0469072	0.00584715
347	2500	-0.0473367	0.00646149
348	1300	-0.0420067	0.00784422
349	2200	-0.0494874	0.0113704
350	2300	-0.0508456	0.00617067
351	1200	-0.0477844	0.00514269
352	2500	-0.0487416	0.00585487
353	1300	-0.0488072	0.00695289
354	1300	-0.0513405	0.00765795
355	2000	-0.0486349	0.0162983
356	2100	-0.0444636	0.00477376
357	2500	-0.0462387	0.00636134
358	2000	-0.0447984	0.00732321
359	1800	-0.0483909	0.0051743
360	2400	-0.0481353	0.00590561
361	1800	-0.0452935	0.0058557
362	2500	-0.0435525	0.00633672
363	2600	-0.041485	0.00628154
364	2000	-0.0478577	0.0052935
365	1500	-0.0477708	0.00701185
366	2300	-0.0445657	0.00572065
367	1700	-0.0423735	0.005835
368	800	-0.049714	0.00614432
369	2100	-0.04702	0.00479863
370	2400	-0.0469096	0.00585474
371	2900	-0.0476258	0.00832428
372	1600	-0.0456023	0.00477835
373	2000	-0.0453669	0.00465486
374	2500	-0.0452789	0.00590518
375	2700	-0.0481768	0.00483825
376	1300	-0.0479876	0.00456933
377	2600	-0.0452397	0.00543372
378	3300	-0.045413	0.00539289
379	1900	-0.0450962	0.00596641
380	2500	-0.0441261	0.00645023
381	3700	-0.0432355	0.00543554
382	2600	-0.040549	0.00666751
383	3400	-0.0457642	0.00583972
384	2400	-0.0469124	0.00561441
385	2400	-0.0443438	0.00562315
386	2300	-0.0474055	0.00554785
387	3200	-0.0440873	0.00429625
388	2400	-0.0424124	0.00620661
389	2300	-0.0442452	0.00429404
390	3000	-0.044061	0.00482882
391	3900	-0.0444884	0.00487248
392	3400	-0.0433508	0.00510097
393	4300	-0.043968	0.00564537
394	4100	-0.0424797	0.00570053
395	3200	-0.0448443	0.00511677
396	4300	-0.0409038	0.00602799
397	3800	-0.0412093	0.00505591
398	3900	-0.0440729	0.00790805
399	3000	-0.0433452	0.00501779
400	3300	-0.0414751	0.00590459
401	3700	-0.0414136	0.00482232
402	4100	-0.0439997	0.00464096
403	3900	-0.0433734	0.00476298
404	3500	-0.0439617	0.00436475
405	4100	-0.042936	0.00587914
406	2900	-0.0428615	0.00620378
407	4400	-0.0412761	0.0053228
408	4200	-0.0413851	0.00428426
409	3600	-0.0415595	0.00596173
410	5200	-0.0409665	0.00574084
411	3400	-0.0434691	0.00439659
412	3400	-0.0434085	0.00420261
413	3700	-0.0416313	0.00430335
414	4700	-0.0416697	0.00508585
415	2100	-0.0419717	0.00434232
416	4800	-0.041519	0.00419552
417	5000	-0.0391615	0.0180581
418	4000	-0.0413121	0.00455173
419	3600	-0.0401373	0.00434411
420	3800	-0.0424355	0.00446388
421	4400	-0.040635	0.00534372
422	3300	-0.0411714	0.00453313
423	4100	-0.0416789	0.00568732
424	3700	-0.0414465	0.00453145
425	4100	-0.0406053	0.00399098
426	4400	-0.0412689	0.00358559
427	3200	-0.0419223	0.00427761
428	3500	-0.0416876	0.00467111
429	3200	-0.0398459	0.00498684
430	4800	-0.039572	0.00615699
431	4700	-0.0421298	0.00490539
432	4000	-0.0402144	0.00440321
433	4500	-0.0399343	0.00349553
434	3400	-0.0392885	0.00400121
435	3900	-0.0382514	0.00464551
436	3700	-0.0398925	0.00463908
437	3200	-0.0400239	0.00458697
438	3300	-0.0412982	0.00406731
439	4900	-0.0399675	0.0063661
440	4600	-0.0405363	0.00368183
441	3700	-0.0401245	0.00387533
442	3700	-0.0387126	0.0046951
443	4400	-0.0418239	0.00359906
444	4200	-0.038825	0.00411045
445	2500	-0.0388026	0.00431456
446	2300	-0.0376997	0.00475741
447	3300	-0.0400542	0.0042527
448	3400	-0.0387837	0.00342818
449	4100	-0.0381837	0.00346486
450	3200	-0.0383437	0.00344614
451	2600	-0.0369743	0.00402669
452	3400	-0.0391863	0.00371771
453	2100	-0.0367917	0.00417899
454	3600	-0.0384422	0.00496706
455	3100	-0.0356971	0.0116325
456	2600	-0.0379245	0.00374105
457	2300	-0.0365231	0.0031598
458	3200	-0.0370246	0.00471698
459	3300	-0.0379794	0.00361492
460	2500	-0.0359344	0.00486054
461	2300	-0.0383925	0.00416999
462	3100	-0.0336296	0.002894
463	2800	-0.0364145	0.00324228
464	2700	-0.0326163	0.00309095
465	2200	-0.0348076	0.00382534
466	1800	-0.0373851	0.00416333
467	1700	-0.0401661	0.00320887
468	3100	-0.0338827	0.00369453
469	2900	-0.0352089	0.00293381
470	2600	-0.0347601	0.00340203
471	1600	-0.0315151	0.00794354
472	2200	-0.0378952	0.00278211
473	2300	-0.0357301	0.00291244
474	2100	-0.0307013	0.00324395
475	2300	-0.0349623	0.00320811
476	2700	-0.0301014	0.00400386
477	1900	-0.0355062	0.00335152
478	2200	-0.0306982	0.00354173
479	2200	-0.0357357	0.00273612
480	1400	-0.0294047	0.00229021
481	2400	-0.0266235	0.00221876
482	2200	-0.0334161	0.0033408
483	1200	-0.0305364	0.00307613
484	1400	-0.03048	0.00255704
485	1200	-0.0312959	0.00312255
486	1300	-0.0314489	0.00311824
487	1100	-0.0285152	0.00326807
488	900	-0.0335796	0.00247246
489	1300	-0.0266905	0.00360523
490	1300	-0.0352827	0.00269344
491	2000	-0.0303862	0.00285417
492	1700	-0.031214	0.0032892
493	1200	-0.0302244	0.00313291
494	1600	-0.028594	0.00213857
495	1000	-0.0305462	0.00243245
496	1200	-0.0295564	0.00216163
497	900	-0.0281506	0.0020039
498	600	-0.0185734	0.00142888
499	1800	-0.0314276	0.00257138
500	900	-0.0322297	0.00277052
501	1000	-0.0286896	0.00266573
502	1500	-0.0311136	0.00283016
503	500	-0.0289052	0.00341551
504	1100	-0.0358496	0.00278764
505	1000	-0.022438	0.00177122
506	1300	-0.0259939	0.00682649
507	1100	-0.0227622	0.00233044
508	900	-0.0335588	0.00376612
509	500	-0.0308215	0.00198327
510	900	-0.0294371	0.00251267
511	1400	-0.0328645	0.0023306
512	1100	-0.0320775	0.00208724
513	700	-0.0294162	0.00595307
514	1100	-0.0337867	0.00332617
515	600	-0.0256212	0.00333636
516	800	-0.0286041	0.00454033
517	800	-0.0253045	0.00229783
518	1300	-0.030266	0.00245605
519	500	-0.0234605	0.00278845
520	600	-0.0246565	0.00390555
521	1000	-0.0257303	0.00177823
522	700	-0.0276409	0.0018321
523	600	-0.0153373	0.000915422
524	900	-0.0272012	0.00299108
525	1600	-0.0272715	0.00304755
526	800	-0.0319069	0.00236154
527	600	-0.0341479	0.00265743
528	800	-0.0286529	0.00319237
529	800	-0.0308358	0.00222444
530	1200	-0.0329439	0.00228137
531	700	-0.0275298	0.00172851
532	1300	-0.030391	0.00259133
533	1200	-0.0282404	0.00231662
534	600	-0.0298583	0.00193291
535	900	-0.0303679	0.00285111
536	600	-0.0290925	0.00181649
537	600	-0.0256044	0.00448051
538	700	-0.0264042	0.00428526
539	1100	-0.0250496	0.0016841
540	700	-0.0322184	0.00293387
541	800	-0.032186	0.00227644
542	800	-0.0268963	0.00318617
543	900	-0.0326983	0.00327128
544	700	-0.0330432	0.00247504
545	900	-0.0313803	0.00230694
546	600	-0.0313344	0.00230757
547	300	-0.0260604	0.0232927
548	300	-0.0335521	0.00300243
549	800	-0.0306079	0.00190852
550	1000	-0.0294131	0.00199461
551	300	-0.0315035	0.00249004
552	400	-0.0311872	0.0025376
553	700	-0.0310006	0.00235639
554	500	-0.0287281	0.00232568
555	800	-0.0289091	0.0017882
556	600	-0.0285526	0.00189698
557	1000	-0.0318604	0.00259801
558	700	-0.0294163	0.00360556
559	600	-0.0251356	0.00174859
560	800	-0.0308983	0.0045967
561	800	-0.0260397	0.00191667
562	600	-0.0346758	0.00198479
563	900	-0.0239638	0.00192573
564	1200	-0.0298006	0.00275401
565	1000	-0.0302482	0.00259707
566	800	-0.0276578	0.00174702
567	900	-0.0333841	0.00236112
568	500	-0.0305648	0.00278255
569	600	-0.0287186	0.00338538
570	500	-0.0286662	0.00310336
571	1200	-0.0315373	0.00199974
572	1200	-0.0269129	0.00258986
573	1300	-0.0307604	0.0024331
574	600	-0.029757	0.00176509
575	400	-0.024424	0.00508814
576	700	-0.0278698	0.00237757
577	400	-0.0309496	0.00195758
578	900	-0.02464	0.00431483
579	500	-0.0293241	0.00206327
580	600	-0.0261423	0.00171241
581	1200	-0.0256857	0.00185202
582	1100	-0.0252601	0.00166929
583	800	-0.0232888	0.00167603
584	1100	-0.0288336	0.00217727
585	800	-0.0262313	0.00154277
586	1000	-0.0266593	0.00172408
587	700	-0.0273434	0.00193906
588	900	-0.0290443	0.0017609
589	1100	-0.0228956	0.00215159
590	1100	-0.0295744	0.00168911
591	800	-0.0258679	0.00225377
592	1000	-0.0263196	0.00271193
593	1200	-0.0260673	0.00206003
594	1100	-0.0265963	0.00176565
595	1000	-0.0305506	0.00202533
596	700	-0.031157	0.00181931
597	900	-0.025562	0.00272867
598	1300	-0.0271792	0.00273189
599	800	-0.0248406	0.00190774
600	1200	-0.026773	0.00163002
601	900	-0.0269564	0.00229635
602	400	-0.0257646	0.00156335
603	1400	-0.0210873	0.00287105
604	500	-0.0259236	0.00205666
605	700	-0.0276959	0.0023134
606	800	-0.0260684	0.00158315
607	700	-0.0249746	0.00198364
608	800	-0.02333	0.00215626
609	400	-0.0213941	0.00296843
610	900	-0.0292777	0.00404258
611	500	-0.0269191	0.00164198
612	400	-0.0267089	0.00174187
613	400	-0.0197487	0.00187224
614	800	-0.0298703	0.00218391
615	1000	-0.0246478	0.00222102
616	200	-0.0189874	0.00164441
617	400	-0.0299791	0.00169948
618	1100	-0.0250833	0.00220265
619	400	-0.0185318	0.00103616
620	700	-0.0262978	0.00298904
621	500	-0.0223296	0.00115484
622	700	-0.029955	0.00161437
623	800	-0.0214907	0.00160256
624	600	-0.0199826	0.00101712
625	400	-0.0208204	0.00138739
626	600	-0.0206129	0.00373259
627	1100	-0.0265857	0.00223411
628	500	-0.0281307	0.0017711
629	800	-0.0236383	0.00193913
630	600	-0.0249886	0.00216568
631	800	-0.0186701	0.00165039
632	600	-0.0260557	0.00252926
633	1400	-0.0227892	0.00318231
634	1000	-0.0215448	0.00119905
635	700	-0.0240597	0.00310843
636	700	-0.0242777	0.00215245
637	500	-0.0231756	0.00149129
638	800	-0.0229349	0.00173879
639	200	-0.0236878	0.00512361
640	600	-0.031528	0.00168999
641	600	-0.0198316	0.00186472
642	1000	-0.0222793	0.00156711
643	200	-0.0262304	0.00219359
644	400	-0.0215475	0.00145222
645	700	-0.0235481	0.00148089
646	1100	-0.0253252	0.00147594
647	700	-0.0277159	0.0017914
648	400	-0.0270182	0.00159046
649	300	-0.0265658	0.00149459
650	700	-0.0233774	0.00121862
651	400	-0.0266734	0.00182351
652	900	-0.0236309	0.00168879
653	700	-0.020726	0.00175075
654	1000	-0.0254525	0.00226325
655	200	-0.0224448	0.0013143
656	400	-0.0201312	0.00173658
657	1000	-0.0275348	0.0014069
658	700	-0.0198923	0.00121849
659	800	-0.024243	0.00161313
660	500	-0.0265465	0.0012839
661	900	-0.0259517	0.00139142
662	800	-0.0222838	0.00371591
663	1100	-0.0226728	0.0013041
664	1000	-0.0221342	0.00274804
665	800	-0.0241805	0.00158748
666	900	-0.0217965	0.00155279
667	600	-0.0223987	0.00333195
668	1300	-0.0237175	0.00174925
669	800	-0.0224197	0.00119206
670	200	-0.0261454	0.0016607
671	1300	-0.0257602	0.00220581
672	1300	-0.0227841	0.00325577
673	600	-0.0239805	0.00160468
674	800	-0.025665	0.00217199
675	1600	-0.0214007	0.00166986
676	900	-0.0234417	0.00172571
677	800	-0.0233207	0.00900531
678	800	-0.0252521	0.00179123
679	700	-0.0245134	0.00122969
680	600	-0.0271831	0.0014812
681	900	-0.0210743	0.00196357
682	1500	-0.0224154	0.00163123
683	1300	-0.0238535	0.00155433
684	1000	-0.0232334	0.00158669
685	400	-0.0209427	0.000993138
686	500	-0.0224727	0.00208046
687	800	-0.023182	0.00174039
688	700	-0.0244597	0.00151448
689	800	-0.0259589	0.0012592
690	900	-0.0244267	0.00143166
691	1600	-0.0246397	0.00134611
692	700	-0.0262524	0.00143024
693	500	-0.0234548	0.00157231
694	700	-0.0252541	0.00131924
695	1300	-0.0222728	0.00151158
696	1800	-0.0218416	0.00146684
697	1200	-0.027493	0.00161929
698	500	-0.0231693	0.00327897
699	600	-0.0201096	0.00120403
700	1300	-0.0232197	0.00140485
701	1500	-0.0236481	0.00220672
702	600	-0.0234923	0.00131453
703	1100	-0.0256602	0.00147698
704	1100	-0.0238318	0.00180146
705	700	-0.0244472	0.00187945
706	1000	-0.0233077	0.00249624
707	800	-0.0212268	0.00173862
708	1400	-0.0251819	0.00372956
709	1000	-0.0205417	0.0016643
710	1300	-0.0234019	0.0016064
711	700	-0.0218797	0.00263415
712	900	-0.0176747	0.00222768
713	1200	-0.0231538	0.00195825
714	1200	-0.0209151	0.00114881
715	800	-0.0264456	0.00132438
716	1300	-0.0231359	0.00133359
717	1000	-0.0235676	0.00163132
718	1000	-0.0237244	0.00150807
719	1400	-0.0239085	0.00148666
720	1000	-0.0203708	0.00174886
721	700	-0.0248401	0.00129756
722	500	-0.0220509	0.00144502
723	1100	-0.0200463	0.00284177
724	1600	-0.0184824	0.00205941
725	1500	-0.0211846	0.00140894
726	900	-0.018737	0.00111419
727	1100	-0.0193784	0.00147934
728	500	-0.0239149	0.00177041
729	1000	-0.0196626	0.00260871
730	1100	-0.0174099	0.00174291
731	1200	-0.0197306	0.00173185
732	600	-0.0209394	0.00131665
733	700	-0.0260007	0.00127936
734	1600	-0.021517	0.00153643
735	800	-0.0223868	0.00155362
736	600	-0.0217613	0.00110692
737	300	-0.0135537	0.000701748
738	500	-0.0157896	0.000953689
739	900	-0.0222534	0.00108789
740	1300	-0.019934	0.000961491
741	800	-0.0193965	0.00101891
742	800	-0.0226613	0.00146615
743	600	-0.0191012	0.00162533
744	900	-0.0223948	0.00129029
745	700	-0.0173253	0.00190829
746	900	-0.0214677	0.00251759
747	1000	-0.0198692	0.000983157
748	400	-0.0160001	0.000984116
749	400	-0.0226352	0.000907727
750	900	-0.0207225	0.0011567
751	1300	-0.0192218	0.00109649
752	1000	-0.0229367	0.00125211
753	400	-0.0159301	0.000848528
754	1000	-0.0219568	0.00108071
755	600	-0.0235448	0.00121263
756	600	-0.0219246	0.00147512
757	1100	-0.0233071	0.00112601
758	1400	-0.0203562	0.00207844
759	1200	-0.0226719	0.00124622
760	600	-0.0226925	0.00108357
761	500	-0.0193961	0.000934534
762	1000	-0.0211986	0.00111438
763	700	-0.0228157	0.00149127
764	700	-0.0190826	0.00192579
765	700	-0.0204449	0.00315597
766	400	-0.0203393	0.0022746
767	1100	-0.0215122	0.00122879
768	300	-0.0189432	0.00109119
769	400	-0.0244974	0.00127252
770	1200	-0.023223	0.00115332
771	600	-0.0218468	0.00160027
772	600	-0.0236567	0.00125506
773	700	-0.016163	0.0170727
774	500	-0.0191204	0.00310652
775	500	-0.0232335	0.000992025
776	600	-0.018042	0.000865757
777	700	-0.0226238	0.00129241
778	900	-0.0212336	0.00103853
779	700	-0.0203594	0.00141457
780	1000	-0.0189272	0.00195753
781	500	-0.0154101	0.000718737
782	300	-0.0180845	0.00148161
783	1100	-0.0154765	0.00143981
784	500	-0.0149246	0.0020213
785	600	-0.0200296	0.00161454
786	900	-0.0213519	0.00110282
787	1200	-0.0206401	0.00107754
788	600	-0.0220187	0.00107951
789	500	-0.0196604	0.00139801
790	400	-0.0214073	0.00124986
791	1000	-0.0213101	0.00117648
792	700	-0.0201978	0.00106517
793	500	-0.0205643	0.000913262
794	600	-0.0223947	0.00103704
795	400	-0.021363	0.000918169
796	900	-0.0190785	0.00103885
797	800	-0.0207243	0.00142183
798	300	-0.0215357	0.00119563
799	600	-0.0217587	0.00127425
800	900	-0.0186686	0.00178237
801	500	-0.0195255	0.00117503
802	500	-0.0213436	0.00122846
803	400	-0.0199681	0.000957176
804	700	-0.0214073	0.00098818
805	400	-0.0211078	0.000984125
806	600	-0.0105381	0.000844907
807	1200	-0.0193489	0.00164859
808	400	-0.0223837	0.00132487
809	800	-0.0196872	0.00111966
810	1200	-0.0217027	0.00117698
811	700	-0.0199722	0.00234882
812	600	-0.0238435	0.00113662
813	600	-0.0230983	0.000965944
814	600	-0.0190376	0.000891811
815	500	-0.0210684	0.00128175
816	400	-0.0162516	0.000890774
818	400	-0.014586	0.00107066
819	400	-0.0208383	0.00108342
820	600	-0.0175607	0.0021129
821	800	-0.020499	0.000895482
822	600	-0.0193344	0.00221068
823	400	-0.0202632	0.0010008
824	500	-0.02175	0.00103509
825	300	-0.0179341	0.000890188
826	300	-0.0159395	0.000800669
827	600	-0.0222416	0.000970024
828	900	-0.0201851	0.00304044
829	900	-0.020352	0.000987707
830	800	-0.019533	0.00231402
831	500	-0.0170885	0.000785494
832	300	-0.0176588	0.000764688
833	200	-0.0235193	0.000855968
834	100	-0.029774	0.0010981
835	500	-0.019388	0.00092548
836	700	-0.0159449	0.00166023
837	500	-0.0143414	0.00137905
838	200	-0.0214818	0.000929377
839	700	-0.01965	0.00129697
840	400	-0.0176015	0.000805264
841	300	-0.021135	0.00146034
842	700	-0.0188228	0.00109624
843	400	-0.0174289	0.00126647
844	600	-0.0185418	0.000924522
845	800	-0.0199003	0.00129856
846	700	-0.0156585	0.0010142
847	300	-0.0158165	0.00085995
848	300	-0.0181657	0.00122372
849	600	-0.0163357	0.00115827
850	300	-0.0149551	0.0010146
851	400	-0.0195589	0.000984976
852	400	-0.0126287	0.000585454
853	600	-0.0181061	0.00104956
854	400	-0.0184936	0.0014568
855	600	-0.0197871	0.00111177
856	200	-0.0212406	0.000896092
857	100	-0.0164921	0.00191192
858	400	-0.0174229	0.00160512
859	700	-0.0174203	0.00101844
860	200	-0.0180315	0.00109062
861	300	-0.0201562	0.000875048
862	300	-0.0136408	0.000820151
863	600	-0.0191762	0.000815534
864	300	-0.0207906	0.000854151
865	400	-0.0184023	0.000895961
866	100	-0.00819159	0.000372665
867	600	-0.0194686	0.000857955
868	300	-0.0141012	0.000746994
869	200	-0.0197082	0.000974425
870	500	-0.014416	0.000852634
871	100	-0.0138064	0.0021575
872	300	-0.0165343	0.00111605
873	400	-0.0183305	0.000794094
874	400	-0.0167276	0.00184564
875	400	-0.0181211	0.000704909
876	600	-0.0179244	0.00100674
877	600	-0.0192216	0.00100265
878	600	-0.0171129	0.00098457
879	400	-0.0148145	0.00102066
880	400	-0.0171811	0.000642155
881	400	-0.0157234	0.000778679
882	400	-0.0149495	0.00120895
883	500	-0.0161159	0.000930325
884	500	-0.0170668	0.000852967
885	500	-0.0162538	0.000963016
886	500	-0.020852	0.000940592
887	600	-0.0155898	0.000869076
888	800	-0.0139826	0.00147688
889	300	-0.0187714	0.000820216
890	300	-0.0171161	0.000898511
891	400	-0.0208168	0.00106877
892	500	-0.0137958	0.0013579
893	300	-0.019365	0.00079178
894	400	-0.0160313	0.000864689
895	100	-0.0191896	0.00162116
896	300	-0.0119811	0.00126938
897	600	-0.0197691	0.00100995
898	300	-0.0152488	0.000888511
899	700	-0.0153271	0.000998397
900	500	-0.0143741	0.000580286
901	700	-0.0174122	0.00121737
902	800	-0.0135304	0.000926717
903	700	-0.0175137	0.000716755
904	600	-0.016114	0.00061292
905	700	-0.0179343	0.00122395
906	700	-0.0181019	0.000843066
907	300	-0.0193097	0.000974206
908	900	-0.0156181	0.0011255
909	700	-0.0191551	0.00155142
910	300	-0.013471	0.000623864
911	500	-0.0202872	0.000794459
912	1000	-0.0166201	0.000679845
913	500	-0.0164798	0.00154116
914	600	-0.0172016	0.000832623
915	100	-0.0159854	0.000464823
916	600	-0.0172855	0.000890204
917	1000	-0.0163773	0.000788374
918	700	-0.0126698	0.00102202
919	500	-0.0181994	0.00123551
920	600	-0.0172152	0.000717477
921	600	-0.0189593	0.00077271
922	500	-0.0177777	0.000888237
923	900	-0.0174261	0.000925319
924	400	-0.0171928	0.000715664
925	400	-0.0138311	0.000700803
926	700	-0.0159314	0.00115961
927	500	-0.0169839	0.00125657
928	400	-0.0164222	0.0010524
929	500	-0.0152882	0.00101691
930	800	-0.0184107	0.000773314
931	700	-0.0194288	0.00103998
932	100	-0.0213442	0.000725033
933	500	-0.0140247	0.00103524
934	500	-0.0136158	0.000898452
935	600	-0.0148219	0.00126362
936	100	-0.0216022	0.000783734
937	1100	-0.0184592	0.000804837
938	600	-0.0165455	0.00160437
939	900	-0.015553	0.000728613
940	900	-0.0173801	0.000862931
941	700	-0.0183454	0.000781079
942	600	-0.0158075	0.000629492
943	600	-0.0165892	0.000651327
944	1100	-0.0171853	0.00117461
945	900	-0.0186837	0.000773335
946	200	-0.014855	0.000601538
947	700	-0.0172655	0.000928128
948	900	-0.0165627	0.000922344
949	300	-0.0180086	0.000616696
950	800	-0.0132312	0.00548278
951	400	-0.0145394	0.000656316
952	500	-0.014948	0.000998732
953	300	-0.0194134	0.00100415
954	700	-0.0146018	0.00129989
955	600	-0.0163488	0.000620872
956	400	-0.0148046	0.000685648
957	900	-0.0142338	0.000711695
958	500	-0.0146915	0.000729688
959	400	-0.0145672	0.000563002
960	600	-0.0145591	0.000741759
961	500	-0.0178213	0.000801199
962	300	-0.0131857	0.000528569
963	500	-0.0195593	0.000859539
964	200	-0.0155756	0.000623711
965	400	-0.0186978	0.000683589
966	300	-0.0178967	0.000756523
967	500	-0.0139561	0.000637563
968	700	-0.0126641	0.00174603
969	300	-0.0187251	0.000972311
970	500	-0.0138048	0.000600308
971	300	-0.0139154	0.000547225
972	500	-0.0145219	0.00078927
973	300	-0.0156443	0.000672343
974	700	-0.0145113	0.000700585
975	1100	-0.0130001	0.00107114
976	600	-0.0169229	0.000891103
977	600	-0.0141491	0.000806353
978	300	-0.0128799	0.00222309
979	300	-0.0140786	0.00059572
980	600	-0.0151222	0.000686176
981	200	-0.0153091	0.000887067
982	500	-0.0156878	0.000703706
983	700	-0.0137848	0.000752557
984	200	-0.0154748	0.000948665
985	400	-0.0145226	0.00151127
986	300	-0.00821465	0.000642325
987	500	-0.0095904	0.000638626
988	600	-0.0126566	0.000646699
989	200	-0.0194264	0.000831481
990	200	-0.00560216	0.000274685
991	400	-0.0123572	0.000490702
992	100	-0.0168175	0.000798261
993	700	-0.00769928	0.00042273
994	600	-0.0184765	0.000714131
995	400	-0.0126445	0.000537478
996	200	-0.0106649	0.000481566
997	200	-0.0174332	0.000670799
998	300	-0.0127556	0.00170536
999	400	-0.0102589	0.000559865
1000	600	-0.0153404	0.000557769
1001	700	-0.01087	0.000637874
1002	200	-0.0116046	0.000490075
1003	600	-0.00791807	0.000491175
1004	800	-0.0186081	0.000805329
1005	400	-0.0179969	0.000668959
1006	600	-0.0135214	0.000866252
1007	200	-0.012536	0.00361546
1008	400	-0.0143048	0.000544375
1009	100	-0.0142868	0.00178575
1010	700	-0.00795367	0.000343069
1011	500	-0.0165087	0.000630966
1012	500	-0.0129426	0.000611599
1013	700	-0.00625839	0.000316344
1014	300	-0.0148368	0.000585927
1015	300	-0.0137505	0.000518756
1016	400	-0.0163796	0.000619501
1017	300	-0.0166404	0.000615318
1018	200	-0.0193538	0.000669409
1019	400	-0.0073142	0.00050992
1020	300	-0.0114548	0.000523599
1021	800	-0.0134971	0.000507374
1022	400	-0.00994652	0.000536819
1023	600	-0.0100932	0.00127282
1024	200	-0.00404238	0.000215855
1025	700	-0.0115932	0.000507073
1026	400	-0.00845546	0.000471272
1027	600	-0.0109136	0.000502729
1028	400	-0.014258	0.000490178
1029	600	-0.0134601	0.000738347
1030	900	-0.0165324	0.00060396
1031	800	-0.0116355	0.000478937
1032	500	-0.0130164	0.000659262
1033	600	-0.0129134	0.000727678
1034	700	-0.0128635	0.000980813
1035	400	-0.0100848	0.000390201
1036	500	-0.00766861	0.000525639
1037	300	-0.0118979	0.000596866
1038	200	-0.0170014	0.000564628
1039	600	-0.0151591	0.000980724
1040	400	-0.00941464	0.000699038
1041	200	-0.00977735	0.00039443
1042	300	-0.0143462	0.000681023
1043	200	-0.0145758	0.000582254
1044	600	-0.0162539	0.000935997
1045	200	-0.0092477	0.000444468
1046	300	-0.0153697	0.000732286
1047	400	-0.0186605	0.000676604
1048	900	-0.00963638	0.0005197
1049	400	-0.0147972	0.000889786
1050	400	-0.0126975	0.000477792
1051	600	-0.0155072	0.000861857
1052	200	-0.013069	0.000456011
1053	600	-0.0146332	0.000621636
1054	200	-0.00847608	0.000524387
1055	300	-0.0139202	0.000755825
1056	700	-0.0121567	0.000473742
1057	700	-0.0135435	0.000487802
1058	100	-0.0144758	0.000845343
1059	400	-0.0142005	0.00117057
1060	600	-0.0133383	0.000742979
1061	600	-0.0135525	0.000542766
1062	600	-0.016584	0.000768428
1063	200	-0.0153151	0.00175176
1064	200	-0.00818112	0.000432127
1065	400	-0.0163525	0.000618642
1066	600	-0.0153861	0.000779358
1067	300	-0.014029	0.000592116
1068	500	-0.0136467	0.000626428
1069	100	-0.0174844	0.000517607
1070	400	-0.00989863	0.000453713
1071	400	-0.0148444	0.000633966
1072	100	-0.0190157	0.000602372
1073	500	-0.013083	0.00115484
1074	300	-0.011549	0.000508277
1075	300	-0.0184184	0.000779189
1076	200	-0.0169302	0.000569224
1077	500	-0.0109591	0.000880545
1078	300	-0.0154138	0.0007791
1079	200	-0.015052	0.000478203
1080	500	-0.0133246	0.00061327
1081	700	-0.0128315	0.000602199
1082	600	-0.0104279	0.000832185
1083	400	-0.0129377	0.00131864
1084	200	-0.0165483	0.000661649
1085	200	-0.0155417	0.000506815
1086	100	-0.0179966	0.000561692
1087	500	-0.0160546	0.000553529
1088	500	-0.0121	0.00054785
1089	500	-0.0164861	0.000642223
1090	100	-0.0180018	0.000597216
1091	600	-0.0132286	0.000590337
1092	200	-0.0094619	0.000442405
1093	700	-0.0128261	0.000613344
1094	400	-0.00738132	0.000335384
1095	400	-0.0094026	0.000376548
1096	100	-0.00395291	0.000342801
1097	700	-0.0130394	0.00058877
1098	700	-0.0128375	0.000518784
1099	600	-0.0121368	0.000458843
1100	400	-0.0167837	0.000640562
1101	500	-0.0125188	0.000557103
1102	600	-0.0148012	0.000512509
1103	400	-0.0156247	0.000611234
1104	300	-0.0148738	0.000547642
1105	600	-0.0138194	0.000721953
1106	200	-0.00773771	0.000315779
1107	400	-0.0110833	0.000832773
1108	400	-0.0149444	0.000471265
1109	500	-0.011868	0.000531429
1111	500	-0.00675258	0.000354194
1112	100	-0.0123386	0.000368164
1113	200	-0.0130107	0.000491437
1114	200	-0.0130443	0.000429776
1115	400	-0.0131368	0.000932886
1116	400	-0.0119008	0.000509671
1117	400	-0.0145577	0.000540502
1118	500	-0.0165278	0.000633438
1119	400	-0.0134185	0.000430602
1120	600	-0.0117886	0.000596318
1121	300	-0.0164092	0.000515921
1122	600	-0.0132894	0.00077998
1124	600	-0.0135444	0.000710318
1125	600	-0.0118446	0.000586378
1126	400	-0.0138296	0.00144033
1127	500	-0.0120249	0.000485707
1128	600	-0.0152208	0.00061756
1129	300	-0.0112466	0.00041748
1130	500	-0.0163211	0.000544914
1131	800	-0.0114935	0.000607646
1132	500	-0.0149909	0.000623745
1133	500	-0.0151034	0.000629711
1134	600	-0.0122752	0.00144132
1135	400	-0.0131966	0.000460751
1136	400	-0.010814	0.000741406
1137	600	-0.0143395	0.00060601
1138	600	-0.0132688	0.000698223
1139	400	-0.00966255	0.000391387
1140	600	-0.0129747	0.000550822
1141	300	-0.0159443	0.000528165
1142	400	-0.0161181	0.000738539
1143	600	-0.012592	0.000482635
1144	400	-0.0122494	0.00208667
1145	300	-0.0124783	0.00132643
1146	400	-0.0135959	0.000495522
1147	400	-0.0143594	0.000569752
1148	700	-0.0123227	0.000660671
1149	900	-0.013531	0.000582114
1150	900	-0.0116482	0.000934795
1151	400	-0.0110253	0.000532922
1152	400	-0.0124921	0.000713964
1153	500	-0.014156	0.00135231
1154	700	-0.0129555	0.000537218
1155	300	-0.0127361	0.000624722
1156	200	-0.0135767	0.000552654
1157	600	-0.0151129	0.000668709
1158	400	-0.0163511	0.000492395
1159	800	-0.0125546	0.000601904
1160	100	-0.01661	0.000586632
1161	100	-0.0123938	0.000866529
1162	500	-0.0140092	0.000718561
1163	200	-0.0144848	0.00110993
1164	600	-0.0151703	0.00060151
1165	700	-0.0151159	0.000567475
1166	600	-0.0142148	0.000688406
1167	600	-0.0147705	0.000511355
1168	100	-0.0114285	0.00037328
1169	700	-0.0119881	0.001245
1170	600	-0.0142778	0.000470403
1171	400	-0.0150389	0.000585809
1172	800	-0.0139547	0.000536078
1173	500	-0.0122092	0.000572988
1174	700	-0.0133242	0.000633384
1175	1000	-0.0141607	0.000774744
1176	300	-0.0156248	0.000564106
1177	300	-0.012641	0.000468935
1178	500	-0.0136361	0.000513914
1179	100	-0.015439	0.000513556
1180	500	-0.0149209	0.000524185
1181	1200	-0.0148335	0.000540721
1182	700	-0.014388	0.000541556
1183	400	-0.0143989	0.000767448
1184	300	-0.0124265	0.000872067
1185	300	-0.0112505	0.00126465
1186	600	-0.0113469	0.000489235
1187	300	-0.0124019	0.00068973
1188	600	-0.0102833	0.000523854
1189	200	-0.013207	0.000477761
1190	600	-0.0128622	0.000467507
1191	600	-0.0146559	0.000459792
1192	700	-0.0143868	0.000556935
1193	500	-0.0115677	0.000577062
1194	1000	-0.0137833	0.00066953
1195	800	-0.0108287	0.00182472
1196	600	-0.0123887	0.000670277
1197	1300	-0.0130106	0.000701941
1198	800	-0.0132323	0.000976563
1199	700	-0.0122258	0.000510673
1200	1000	-0.0145274	0.000513093
1201	600	-0.0126744	0.000483522
1202	100	-0.0152582	0.00045983
1203	900	-0.0142506	0.000634638
1204	700	-0.0112481	0.000692652
1205	500	-0.0143207	0.000533065
1206	400	-0.0129178	0.00045055
1207	500	-0.0135383	0.000763149
1208	600	-0.0106953	0.000875282
1209	300	-0.0135823	0.000425523
1210	500	-0.0105148	0.000508216
1211	800	-0.0131836	0.00045143
1212	200	-0.0119014	0.000674907
1213	500	-0.0129255	0.000492679
1214	700	-0.0127079	0.0004516
1215	100	-0.0138147	0.00053142
1216	500	-0.0119113	0.000681017
1217	300	-0.0130715	0.000477025
1218	200	-0.0117527	0.00145298
1219	400	-0.0106058	0.000525758
1220	600	-0.0137374	0.000511297
1221	400	-0.0128524	0.000473929
1222	100	-0.0136352	0.00050365
1223	600	-0.0116336	0.00111695
1224	600	-0.0140472	0.000678335
1225	400	-0.0131304	0.000535384
1226	500	-0.0109119	0.000623642
1227	500	-0.0130876	0.000487344
1228	500	-0.0114178	0.00161883
1229	300	-0.0121081	0.000576108
1230	700	-0.0138639	0.000547117
1231	400	-0.0129521	0.00107718
1232	400	-0.013398	0.000466131
1233	300	-0.0130151	0.000667685
1234	500	-0.0118129	0.000625241
1235	800	-0.0130767	0.000627612
1236	200	-0.0140675	0.000466011
1237	600	-0.0124663	0.000590553
1238	500	-0.010785	0.000924995
1239	300	-0.0123718	0.000685917
1240	600	-0.0130615	0.000810861
1241	600	-0.0141963	0.000533963
1242	400	-0.0129086	0.000500951
1243	200	-0.00865181	0.000294062
1244	600	-0.0124145	0.000959173
1245	800	-0.0117045	0.000637977
1246	600	-0.0130359	0.000510045
1247	900	-0.0109924	0.000478581
1248	500	-0.0122462	0.000978004
1249	400	-0.0124311	0.00057011
1250	400	-0.0118885	0.000781372
1251	700	-0.0148073	0.000467634
1252	300	-0.0120092	0.000549813
1253	1000	-0.0125558	0.000533171
1254	800	-0.012832	0.000473684
1255	200	-0.0110633	0.00224476
1256	700	-0.0101167	0.00173993
1257	600	-0.012423	0.000676749
1258	500	-0.0126306	0.000489148
1259	400	-0.0127766	0.000575369
1260	400	-0.0100893	0.000474428
1261	400	-0.0133876	0.000764182
1262	400	-0.0101236	0.000748835
1263	500	-0.0124407	0.000526337
1264	500	-0.0118068	0.000449725
1265	300	-0.00952411	0.000405548
1266	300	-0.0123718	0.00040916
1267	600	-0.0127592	0.000491655
1268	600	-0.0146795	0.000487269
1269	600	-0.0125237	0.000429513
1270	800	-0.011605	0.000773961
1271	500	-0.0134438	0.000578548
1272	100	-0.0147829	0.000630186
1274	300	-0.0125467	0.000396666
1275	300	-0.0124713	0.000433158
1276	300	-0.0152702	0.000485929
1277	200	-0.0134003	0.000446332
1278	800	-0.012864	0.000629637
1279	600	-0.011763	0.000406546
1280	300	-0.011555	0.000666204
1281	700	-0.0126784	0.000436924
1282	400	-0.0126057	0.00115823
1283	400	-0.0119697	0.000605596
1284	200	-0.0132237	0.000400956
1285	100	-0.00994777	0.00060995
1286	300	-0.0121398	0.000453712
1287	100	-0.016712	0.000522921
1288	200	-0.0146066	0.000588333
1289	200	-0.014072	0.000521707
1290	500	-0.0115218	0.000442637
1291	300	-0.0113836	0.00118101
1292	300	-0.0131192	0.00044761
1293	300	-0.0124129	0.000423836
1294	200	-0.0064759	0.00034293
1295	500	-0.0120927	0.000593385
1296	600	-0.0112541	0.000481827
1297	200	-0.0117716	0.000399102
1298	200	-0.0117336	0.00031052
1299	300	-0.0132934	0.00059743
1300	900	-0.0118898	0.000657267
1301	200	-0.0117329	0.000452865
1302	600	-0.0119111	0.000546217
1303	500	-0.0135657	0.000508026
1304	200	-0.0111802	0.000329115
1305	200	-0.011456	0.000574305
1306	300	-0.014337	0.000645324
1307	500	-0.0107431	0.000496718
1308	500	-0.0113203	0.000842864
1309	400	-0.0112539	0.000614995
1310	300	-0.0115802	0.000462289
1311	500	-0.0127252	0.000496511
1312	200	-0.0107257	0.00117073
1313	400	-0.0124458	0.000571901
1314	200	-0.0100703	0.00142689
1315	300	-0.013595	0.00045317
1317	500	-0.0123322	0.00042748
1318	400	-0.0123025	0.000428741
1319	100	-0.0120402	0.000399261
1320	300	-0.0135483	0.000499427
1321	300	-0.0116188	0.000614519
1322	300	-0.0129128	0.00045477
1323	400	-0.00855959	0.00115346
1325	800	-0.0113122	0.000557431
1326	200	-0.00965201	0.000453135
1327	200	-0.0126266	0.00060518
1328	600	-0.0114174	0.000465765
1329	300	-0.0111739	0.000417292
1330	500	-0.011998	0.000393259
1331	300	-0.0118944	0.000441228
1333	200	-0.011641	0.000380288
1334	100	-0.0060629	0.00220117
1335	500	-0.0127263	0.000425377
1336	400	-0.0128179	0.00048883
1337	800	-0.0127451	0.000419856
1338	200	-0.00929188	0.000498446
1339	500	-0.008756	0.000662831
1340	300	-0.0120251	0.000397222
1343	300	-0.0121322	0.000521381
1344	100	-0.0119089	0.000425877
1345	200	-0.0113177	0.000591098
1346	100	-0.00975363	0.00033873
1347	200	-0.0118554	0.000406543
1348	200	-0.0103394	0.000291841
1349	400	-0.0106341	0.000479381
1350	200	-0.0126937	0.000639613
1351	400	-0.0102025	0.000899865
1352	600	-0.0105387	0.000493875
1353	100	-0.0118996	0.000356642
1354	300	-0.011713	0.00058575
1355	100	-0.0133457	0.000390771
1356	500	-0.0115744	0.000424529
1358	200	-0.0116052	0.000403144
1359	200	-0.00963047	0.000692528
1360	400	-0.0111632	0.000483119
1361	300	-0.0094933	0.000935371
1362	400	-0.0123293	0.0005761
1363	100	-0.0107036	0.00070076
1364	100	-0.00918505	0.000489368
1365	200	-0.0108303	0.000388261
1366	400	-0.0115876	0.000420574
1367	600	-0.0121919	0.000424767
1368	200	-0.00860848	0.00077144
1369	500	-0.0115773	0.000680524
1371	400	-0.00891803	0.000421244
1372	200	-0.0107251	0.000374162
1374	400	-0.0104362	0.000429757
1375	400	-0.012057	0.000508926
1376	100	-0.0125467	0.000375479
1378	200	-0.00992111	0.000405059
1379	100	-0.00978501	0.000334506
1380	400	-0.0108162	0.000340172
1381	300	-0.0108508	0.000797592
1382	300	-0.0125327	0.00043065
1383	300	-0.0109597	0.000384726
1385	400	-0.00994786	0.000592554
1386	200	-0.0102905	0.000892893
1387	100	-0.0127873	0.000398542
1388	100	-0.0122596	0.00054933
1389	300	-0.00949125	0.000633409
1391	200	-0.0081867	0.000403593
1392	300	-0.0104301	0.000463949
1393	200	-0.0070298	0.000311525
1395	100	-0.011074	0.000533526
1397	200	-0.0126621	0.000409286
1398	100	-0.0129684	0.000419259
1399	200	-0.01138	0.000354561
1400	100	-0.00389644	0.0013634
1401	100	-0.00848251	0.00101095
1402	200	-0.00804058	0.00033876
1403	300	-0.012709	0.000371246
1404	100	-0.0120559	0.000468718
1405	300	-0.0113413	0.000594145
1407	100	-0.0129808	0.00029987
1408	100	-0.00855462	0.000388957
1409	300	-0.0106142	0.000480342
1410	400	-0.00828349	0.00227553
1411	300	-0.0134165	0.000370154
1412	200	-0.0112822	0.000321477
1414	100	-0.0107636	0.000368499
1415	300	-0.00890065	0.000547904
1417	200	-0.00382137	0.000191393
1418	200	-0.007236	0.000415234
1421	100	-0.00352556	0.000179384
1422	100	-0.00792607	0.00124351
1423	500	-0.0107593	0.000348842
1424	300	-0.0105822	0.000477927
1425	100	-0.00776343	0.000586068
1426	200	-0.00962329	0.000352202
1428	300	-0.0107418	0.000412372
1430	100	-0.0087015	0.000422522
1431	200	-0.0119164	0.000403258
1434	200	-0.0133196	0.000360819
1435	100	-0.00971966	0.000383662
1436	100	-0.01096	0.000512172
1437	400	-0.0102662	0.000414011
1438	400	-0.0099715	0.00039188
1440	300	-0.0102962	0.000585043
1442	300	-0.00962355	0.000346086
1443	200	-0.00621003	0.000319089
1444	100	-0.00756991	0.000317385
1445	300	-0.0103494	0.000361794
1446	200	-0.00825318	0.00171621
1447	100	-0.0103424	0.000945224
1448	300	-0.0106625	0.000553641
1449	100	-0.0143529	0.000440927
1450	300	-0.00981679	0.000430746
1452	100	-0.0108429	0.00062616
1453	300	-0.00788319	0.000295069
1456	200	-0.0117416	0.000431701
1457	100	-0.0105548	0.000388968
1458	200	-0.00555165	0.000221584
1460	100	-0.00350127	0.00102698
1461	200	-0.0115238	0.000431706
1463	200	-0.0120514	0.00131952
1464	200	-0.0109652	0.00064686
1465	100	-0.00735688	0.000308599
1467	200	-0.0065087	0.000396118
1468	100	-0.0112228	0.000355208
1471	100	-0.0109193	0.000360094
1473	400	-0.00714663	0.000432948
1474	100	-0.0117018	0.000330895
1475	100	-0.00609504	0.000342351
1476	100	-0.0124725	0.000351216
1478	100	-0.00256142	0.000168103
1480	100	-0.0100596	0.00031805
1481	400	-0.00914282	0.000729232
1483	200	-0.00780925	0.000455687
1484	100	-0.00111754	0.000141526
1485	100	-0.0119738	0.000376149
1486	100	-0.00964961	0.000423946
1487	100	-0.0116587	0.000418568
1489	100	-0.0132781	0.000376532
1490	200	-0.00956285	0.0003198
1491	200	-0.00734721	0.000263271
1492	100	-0.0109792	0.000598276
1493	100	-0.0105894	0.000371708
1496	100	-0.00184215	0.000162374
1497	100	-0.0109341	0.000413395
1498	100	-0.0082417	0.000447263
1499	200	-0.012778	0.000342083
1500	200	-0.00820496	0.000305268
1501	100	-0.0108085	0.000314245
1502	300	-0.0118059	0.000313166
1503	100	-0.0066188	0.000598715
1504	100	-0.0110208	0.000317152
1508	400	-0.00720508	0.000418346
1509	100	-0.00982025	0.000326658
1512	300	-0.00975527	0.000392643
1514	300	-0.0073407	0.000257505
1515	200	-0.00664102	0.000297282
1517	100	-0.0106158	0.000277621
1518	200	-0.00829426	0.0003221
1521	200	-0.00850022	0.00128169
1522	100	-0.0112563	0.000308679
1523	300	-0.00887467	0.000285277
1524	100	-0.00812119	0.000446552
1525	100	-0.00949313	0.000373909
1527	100	-0.00305889	0.000283475
1528	200	-0.00663706	0.000249499
1529	100	-0.00243525	0.000178967
1530	100	-0.00859128	0.000300809
1532	200	-0.00969825	0.000326171
1533	200	-0.00511813	0.000235769
1534	200	-0.0109727	0.000339606
1536	200	-0.00641878	0.000239851
1538	200	-0.0107692	0.000289123
1539	100	-0.008137	0.000360723
1541	300	-0.00842305	0.000263454
1542	100	-0.00171962	0.000187384
1544	100	-0.00869771	0.000273087
1547	100	-0.009983	0.000296979
1548	100	-0.00934406	0.000350973
1549	200	-0.000975675	0.000185154
1550	300	-0.00608615	0.000339742
1552	200	-0.00698663	0.000279463
1554	100	-0.00452257	0.000198871
1556	100	-0.010643	0.000357544
1557	200	-0.00960316	0.00047984
1559	100	-0.0120056	0.000379374
1560	100	-0.0133649	0.000451023
1561	200	-0.00822988	0.000452375
1563	300	-0.00510719	0.000616343
1565	400	-0.0100031	0.000340181
1566	200	-0.00980636	0.000395952
1567	100	-0.00185093	0.000204365
1568	100	-0.00212698	0.000196156
1569	100	-0.00167556	0.000216056
1571	100	-0.00946074	0.000333057
1572	100	-0.00327573	0.000215634
1574	100	-0.00999072	0.00043383
1575	200	-0.00444006	0.000235091
1578	200	-0.00814082	0.000349006
1580	200	-0.00823906	0.000281736
1581	200	-0.00842742	0.000319699
1582	100	-0.00228151	0.00016423
1583	100	-0.00675996	0.000277602
1584	200	-0.0089277	0.0014721
1586	400	-0.00744914	0.000429187
1587	200	-0.00824901	0.000279889
1588	200	-0.0050719	0.00038813
1589	100	-0.00855545	0.000310327
1590	100	-0.000203398	0.000159036
1591	100	-0.00915514	0.000319166
1593	100	-0.0034469	0.000188358
1595	200	-0.0104033	0.000338927
1596	100	-0.0114737	0.00036838
1598	200	-0.00715962	0.000254654
1599	200	-0.00791273	0.000257503
1601	400	-0.00651898	0.000412774
1602	300	-0.00539529	0.000214263
1603	100	-0.0035761	0.000186987
1604	300	-0.00515386	0.000279638
1605	200	-0.00937838	0.000310743
1606	100	-0.00795565	0.000319396
1607	100	-0.00203115	0.000175748
1609	100	-0.0093461	0.000280445
1612	300	-0.00721664	0.000261255
1613	100	-0.00621188	0.00081232
1614	100	-0.0125694	0.000342537
1615	100	-0.0103717	0.000394917
1616	300	-0.00882599	0.000640773
1617	300	-0.00465766	0.000243979
1618	100	-0.00393003	0.000217721
1619	100	-0.0110842	0.000288947
1622	100	-0.00700576	0.000424732
1623	200	-0.00156977	0.000166082
1624	100	-0.00965691	0.000330989
1626	100	-0.009339	0.000310944
1627	400	-0.00465985	0.000268607
1629	100	-0.000924892	0.000191011
1631	100	-0.00926069	0.000275828
1633	200	-0.00681239	0.000255459
1634	100	-0.0083408	0.00024602
1635	300	-0.00843875	0.00039977
1637	200	-0.00701122	0.000523668
1639	200	-0.00317021	0.000180758
1641	100	-0.00548591	0.00167282
1642	200	-0.000767567	0.000180462
1643	300	-0.00835079	0.000293818
1645	100	-0.00512518	0.000148118
1646	100	-0.0105966	0.000369736
1647	100	-0.00941058	0.00029271
1648	100	-0.012727	0.000297118
1649	100	-0.00155856	0.00018243
1650	100	-0.0107923	0.00029275
1651	200	-0.0077716	0.000294524
1653	100	-0.00512741	0.00166092
1655	100	-0.00942567	0.000326488
1657	200	-0.00596422	0.000243015
1658	400	-0.00712848	0.000279785
1660	100	-0.0095227	0.000351862
1661	200	-0.00990219	0.00041039
1663	400	-0.00665722	0.00027643
1664	100	-0.00209709	0.000187638
1665	100	-0.0105495	0.000325957
1669	200	-0.00940793	0.000299983
1671	100	-0.00945829	0.000253523
1674	100	-0.00955806	0.000493704
1676	200	-0.0110943	0.000361071
1678	300	-0.0100855	0.00031329
1680	100	-0.000927649	0.000159545
1683	300	-0.00649376	0.000287173
1684	200	-0.00742494	0.000230111
1689	100	-0.00167377	0.000165019
1690	200	-0.00952427	0.000284905
1691	200	-0.00564191	0.000425019
1692	100	-0.0102675	0.000330609
1695	100	-0.00997137	0.000373281
1696	100	-0.00960557	0.00043482
1697	100	-0.00873421	0.000314506
1698	100	-0.00321736	0.000193256
1700	200	-0.00945386	0.000279487
1701	100	-0.000336135	0.000389028
1702	200	-0.00831142	0.00032781
1705	200	-0.00829992	0.000255949
1708	200	-0.0077817	0.000269652
1711	100	-0.010708	0.000257519
1713	200	-0.00833993	0.000290653
1715	200	-0.00731824	0.000236928
1716	100	-0.00716863	0.0002902
1717	100	-0.00801776	0.000210019
1718	100	-0.00582447	0.000367205
1719	100	-0.00949192	0.000319573
1722	200	-0.0106854	0.000322471
1723	100	-0.00929311	0.000281618
1725	400	-0.00822451	0.000249514
1727	100	-0.00770623	0.000286242
1729	100	-0.0104477	0.00031152
1735	300	-0.00596144	0.00031586
1736	100	-0.00906601	0.000210152
1737	200	-0.00935343	0.00026176
1738	100	-0.0101657	0.00033146
1739	200	-0.00847889	0.000264853
1741	100	-0.00680835	0.000364012
1742	100	-0.00768413	0.000674778
1743	100	-0.0118772	0.000325121
1744	200	-0.00766535	0.000265315
1745	100	-0.00677812	0.000222931
1746	100	-0.00263033	0.000157647
1748	100	-0.00920044	0.000271593
1750	100	-0.00965664	0.000303435
1752	100	-0.0047339	0.000421901
1754	200	-0.0078582	0.000251637
1756	100	-0.0063009	0.00103394
1758	100	-0.00827205	0.000313964
1759	100	-0.00388959	0.000647445
1760	100	-0.00597568	0.000334135
1766	100	-0.0104061	0.000375108
1767	100	-0.0112581	0.000316552
1770	200	-0.00805893	0.000289687
1773	200	-0.00753584	0.000248564
1776	200	-0.00786666	0.000303968
1778	100	-0.00669353	0.000195266
1779	100	-0.00909535	0.000317192
1781	100	-0.00720595	0.000186289
1784	100	-0.00786851	0.000227132
1785	100	-0.00653379	0.00019681
1791	100	-0.0064497	0.000271624
1796	100	-0.00868371	0.000263937
1801	100	-0.0101067	0.000296354
1803	100	-0.00680317	0.00046624
1804	200	-0.00774711	0.000369046
1807	100	-0.00608346	0.00021309
1810	100	-0.00672586	0.000424059
1811	100	-0.00674617	0.000236185
1813	100	-0.00758542	0.000466717
1815	100	-0.00718923	0.000362647
1817	200	-0.00896446	0.000260421
1818	200	-0.00547005	0.000227192
1826	100	-0.00733519	0.000167147
1827	100	-0.00723951	0.000236458
1828	100	-0.00928435	0.000263992
1837	100	-0.00697157	0.000199137
1840	200	-0.00600895	0.000218113
1843	100	-0.00689133	0.000262461
1844	100	-0.00790923	0.000319604
1847	100	-0.00821432	0.000244331
1854	300	-0.00783457	0.000245706
1855	100	-0.00934117	0.000263457
1856	100	-0.0105672	0.000412393
1857	100	-0.00312756	0.000623583
1858	100	-0.0088574	0.000305841
1860	300	-0.0058633	0.000538071
1862	100	-0.00770832	0.000257984
1863	300	-0.00673845	0.000325044
1869	100	-0.00748363	0.000372363
1870	200	-0.00754891	0.000347521
1871	100	-0.0075987	0.000276574
1874	100	-0.00796908	0.000312891
1875	100	-0.00835067	0.000236713
1876	100	-0.00632471	0.00030924
1878	200	-0.0103912	0.000264307
1881	200	-0.00859626	0.00025276
1882	100	-0.0068204	0.000370896
1887	200	-0.00545776	0.000243004
1888	100	-0.00305371	0.000356038
1894	100	-0.00703782	0.000370354
1895	100	-0.00599656	0.000213716
1906	100	-0.00645476	0.000259972
1907	100	-0.00651355	0.000222149
1912	100	-0.00514873	0.000909346
1915	200	-0.00675422	0.000551576
1916	200	-0.00665094	0.00034142
1919	100	-0.00915753	0.00031311
1920	200	-0.00450147	0.000273625
1924	200	-0.00846254	0.000246329
1926	100	-0.00541383	0.000224405
1928	100	-0.00581178	0.000319935
1929	100	-0.00672547	0.000309237
1930	100	-0.00753401	0.000227225
1934	100	-0.00565914	0.000341635
1935	200	-0.00545134	0.0012147
1938	100	-0.00401133	0.000325987
1940	100	-0.00761273	0.000248892
1941	100	-0.00284341	0.00050707
1942	100	-0.00301953	0.000397354
1947	200	-0.00639961	0.000282033
1949	100	-0.00418981	0.000458309
1951	100	-0.00683214	0.000229682
1954	100	-0.00970645	0.000244011
1956	200	-0.00735159	0.000257645
1957	100	-0.000866676	0.000185458
1958	100	-0.00581837	0.00024259
1965	100	-0.00793419	0.000316733
1966	100	-0.00615278	0.000249415
1970	100	-0.00746841	0.000248666
1972	200	-0.00713427	0.000279466
1975	100	-0.000834741	0.000142525
1980	100	-0.00820229	0.000271142
1985	100	0.00134797	0.000146949
1987	200	-0.00478558	0.000172047
1990	100	-0.00184391	0.000153359
1992	100	-0.00749223	0.000255886
1996	100	-0.00432569	0.000316061
2003	100	-0.00432534	0.000245098
2014	100	-0.00739574	0.00030678
2019	100	-0.00565856	0.000246601
2020	100	-0.00748353	0.000279359
2025	100	-0.000389712	0.000216631
2026	100	-0.00164241	0.0001733
2032	200	-0.00780278	0.000241117
2033	300	-0.00488659	0.000202443
2036	100	-0.00774625	0.000285603
2039	100	-0.00943693	0.000197834
2040	100	-0.00574014	0.000340365
2044	100	-0.00649409	0.000190424
2047	100	-0.00855972	0.000271995
2051	100	-0.00605274	0.000199421
2053	100	-0.00503411	0.000236813
2054	100	-0.00825905	0.000244103
2055	100	-0.00692683	0.000221565
2057	100	-0.000839021	0.000137422
2058	100	-0.00728002	0.000575295
2059	100	-0.00725436	0.000250026
2066	100	-0.00905631	0.000207344
2068	100	-0.00773557	0.00027078
2072	200	-0.000696031	0.00172778
2074	100	-0.00529443	0.000162535
2080	100	-0.000748786	0.000133346
2083	100	-0.00911903	0.000267517
2087	300	-0.00731929	0.000401609
2092	200	-0.00307489	0.000156402
2099	100	-0.00478386	0.000230901
2100	100	-0.0027762	0.000153488
2101	100	-0.00632025	0.000228217
2107	100	-0.0072721	0.000205738
2113	100	-0.00819897	0.00024443
2121	100	-0.00616413	0.000271997
2126	100	-0.00320657	0.000207875
2129	100	-0.000622144	0.000193521
2130	100	-0.00951323	0.00029011
2131	100	-0.00590062	0.00026749
2133	200	-0.00652657	0.000288304
2135	100	-0.00156527	0.000202503
2137	200	-0.00711321	0.000236896
2139	100	-0.00948837	0.00027033
2142	100	-0.00729165	0.000263478
2147	200	-0.00593579	0.000219669
2149	100	-0.00685975	0.000378612
2154	100	-0.00647269	0.000215982
2159	100	-0.00647267	0.000212705
2160	100	-0.00653975	0.000220205
2161	200	-0.00442903	0.000174168
2163	100	-0.00623521	0.000259316
2165	100	-0.00313004	0.000319203
2166	100	-0.00424123	0.000233618
2168	100	-0.00759497	0.000234758
2172	100	-0.00445531	0.000277347
2173	100	-0.00330432	0.000332471
2174	100	-0.00646639	0.000256929
2175	100	-0.00227205	0.000179551
2176	200	-0.00454882	0.000193462
2178	100	-0.00173782	0.000996001
2179	100	-0.00171838	0.000150357
2182	100	-0.00656734	0.000235013
2184	200	-0.00550478	0.000199664
2189	100	-0.00645354	0.000391832
2190	100	-0.00604504	0.000178516
2193	200	-0.00310395	0.000257861
2195	200	-0.00502338	0.000231745
2197	100	-0.00536824	0.000245334
2198	100	-0.00318182	0.000209501
2201	200	-0.00525888	0.000646273
2208	200	-0.0071669	0.000306738
2210	100	-0.00328268	0.00021861
2214	300	-0.00227396	0.00020493
2216	100	-0.00489107	0.000256206
2217	400	-0.00365887	0.00024612
2218	100	-0.00554242	0.000192742
2219	100	-0.00418803	0.000196278
2220	100	-0.00613452	0.000172681
2221	100	-0.00443403	0.000236051
2223	100	-0.006027	0.000201679
2224	100	-0.00535029	0.000255279
2226	300	-0.00660913	0.000211916
2235	100	-0.00786192	0.000211482
2238	100	-0.00304059	0.000178563
2239	100	-0.00533168	0.000206207
2240	100	-0.00383353	0.00018187
2241	200	-0.00341805	0.00018557
2244	200	-0.00526374	0.00029592
2245	100	-0.00134075	0.000150262
2246	100	-0.00689719	0.000261312
2248	100	-0.0034615	0.000154424
2250	100	-0.000674057	0.000134491
2252	300	-0.00386143	0.000751331
2255	300	-0.00364847	0.000164136
2258	100	-0.00107726	0.000494392
2259	200	-0.00022869	0.000167532
2261	200	-0.00736135	0.000232177
2262	300	-0.00359099	0.000172814
2269	100	-0.0044542	0.000169391
2270	100	-0.0046811	0.000223774
2272	100	-0.00621995	0.000357861
2273	100	-0.00700654	0.000384243
2274	100	-0.00367003	0.00036716
2277	200	-0.00640419	0.000259236
2278	100	-0.00611528	0.000222492
2279	100	-0.00135718	0.000204224
2281	100	-0.00758378	0.000229394
2283	100	-0.00670876	0.000225947
2286	100	-0.00478689	0.000180742
2291	200	-0.00607405	0.000218685
2292	100	-0.00410644	0.000559798
2296	200	-0.00400954	0.000199155
2298	200	-0.00335083	0.000168871
2299	100	-0.000447176	0.000154211
2300	100	-0.0061917	0.000192813
2302	200	-0.00608045	0.000211945
2305	300	-0.00327549	0.000193666
2306	100	-0.00698943	0.000229935
2307	100	-0.00479624	0.000258076
2308	100	-0.00784755	0.000211219
2309	100	-0.00507145	0.000205483
2311	200	-0.00401416	0.000217383
2313	100	-0.00587675	0.000205342
2318	100	-0.00437463	0.000211982
2319	100	-0.00377983	0.000361339
2320	200	-0.00447111	0.00026302
2321	100	-0.000702852	0.000158285
2322	200	-0.00591174	0.000204648
2324	400	-0.00391425	0.000205775
2326	100	-0.00666972	0.00018956
2328	100	-0.00703356	0.000212296
2330	100	-0.000208124	0.000182346
2332	200	-0.00640355	0.000211655
2334	100	-0.00516005	0.000183033
2335	100	-0.00524218	0.000435978
2336	100	-0.0042495	0.000192596
2337	200	-0.00576633	0.000211453
2339	100	-0.00762223	0.000291941
2340	100	-0.00742448	0.000240617
2341	200	-0.00616727	0.000220236
2344	100	-0.00553756	0.000220909
2345	200	-0.00609964	0.000191881
2346	100	-0.00382216	0.00015874
2349	300	-0.0028978	0.000174852
2350	100	-0.00525741	0.000293371
2351	100	0.000405047	0.000794333
2353	200	-0.0057492	0.000223993
2359	100	-0.00367268	0.000369486
2360	100	0.000123228	0.000159933
2361	100	-0.00508837	0.000240398
2368	200	-0.00262754	0.000306114
2369	100	-0.00571881	0.000190031
2370	200	-0.0030928	0.000200238
2371	100	-0.00526557	0.000178837
2373	200	-0.00416496	0.000223089
2376	100	-0.00460819	0.000214157
2378	100	-0.00596606	0.0002138
2379	100	-0.00390616	0.000311991
2385	200	-0.00549864	0.000220409
2386	100	-0.00620802	0.000258788
2390	100	-0.00543344	0.000186031
2395	100	-0.00407154	0.000220582
2396	100	-0.00450331	0.000185621
2398	100	-0.0043798	0.000320495
2400	100	-0.00305143	0.000647061
2401	200	-0.0040609	0.000185632
2402	200	-0.00355226	0.000181137
2403	100	-0.0016308	0.000180646
2408	200	-0.00492584	0.000223775
2411	100	-0.00651647	0.00020086
2412	200	-0.00532725	0.000231468
2413	200	-0.00376238	0.000227295
2416	100	0.000382244	0.00130322
2417	100	-0.00515008	0.000216849
2418	200	-0.00371649	0.000209198
2420	100	-0.00353039	0.000193687
2422	100	-0.00616268	0.000174949
2423	100	0.000173462	0.000134772
2424	100	-0.00429113	0.00024818
2425	100	-0.00592962	0.000204434
2428	100	-0.00367302	0.000212045
2429	100	-0.0058072	0.000181826
2430	100	-0.00723071	0.000252257
2434	100	-0.00652484	0.000253541
2436	100	-0.00761625	0.000236765
2437	100	-0.00488354	0.00023521
2438	100	-0.00575103	0.000171648
2439	200	-0.00519606	0.000213964
2440	100	-0.00553503	0.000211373
2441	100	-0.00264171	0.000198787
2442	100	-0.00556699	0.000170606
2446	100	-0.00696317	0.000193212
2447	100	-0.00535541	0.000247884
2448	100	-0.00545199	0.000167586
2449	300	-0.00332755	0.000198345
2451	100	-0.00294017	0.00019219
2452	100	-0.00608988	0.000328131
2456	100	-0.0060044	0.000225421
2458	100	-0.000920355	0.000189675
2462	100	-0.00486127	0.000195191
2463	200	-0.0032149	0.000570772
2466	100	-0.00540106	0.000215621
2467	100	-0.00668267	0.000198718
2469	300	-0.00353437	0.000189131
2470	100	0.00090179	0.000125459
2471	100	-0.00450634	0.000227267
2472	100	-0.00506015	0.000157099
2473	100	-0.00531254	0.000240107
2475	100	-0.000986296	0.000178506
2477	200	-0.000950056	0.000148154
2479	100	-0.00496534	0.000183182
2480	100	-0.00610348	0.000232673
2482	100	-0.00296165	0.000765351
2484	200	-0.0050618	0.000254658
2486	100	-0.00812813	0.000235929
2487	100	-0.00399715	0.00024929
2488	100	-0.00319533	0.000288144
2489	200	-0.0065735	0.000196272
2491	200	-0.0048756	0.000221952
2492	100	-0.00422737	0.000213972
2493	200	-0.0039693	0.000181573
2495	100	-0.00339909	0.000208338
2496	100	-0.00424742	0.000224581
2497	100	-0.00590157	0.000211128
2499	200	-0.00739516	0.000208043
2500	100	-0.00382571	0.000194663
2501	200	-0.00399826	0.000206617
2502	100	-0.0055615	0.000224123
2506	100	-0.000399306	0.000142041
2507	100	-0.00447779	0.000148932
2509	200	-0.00580374	0.000234327
2510	100	-0.00496238	0.000179313
2511	100	-0.00434623	0.000240148
2512	100	-0.00359108	0.000175414
2513	100	-9.9976e-05	0.00013538
2515	100	-0.000418241	0.000149131
2516	200	-0.00419452	0.000208413
2517	100	-0.003427	0.000316857
2519	100	-0.00496747	0.00020092
2520	100	0.000525449	0.000166178
2521	100	-0.00667116	0.000198355
2524	100	-0.00432516	0.00021799
2525	100	-0.0041228	0.000212839
2528	100	-0.00559667	0.000253965
2532	100	-0.00542221	0.000229106
2533	100	-0.00459747	0.000186061
2534	200	-0.00519852	0.000315748
2541	100	-0.00702555	0.000245166
2542	100	-0.00578027	0.000226869
2545	100	-0.00401221	0.00018991
2547	100	-0.00625215	0.000201254
2551	100	-0.00527151	0.000227398
2553	100	-0.00434641	0.000170675
2557	100	-0.00647969	0.000158183
2558	100	-0.00455911	0.000148061
2560	100	-0.0053183	0.000263863
2562	100	-0.0055637	0.000191953
2564	100	-0.00535508	0.000200133
2565	100	-0.000430794	0.00014676
2566	100	-0.00381236	0.000196966
2568	100	-0.00327453	0.000191191
2569	100	-0.00338648	0.000135002
2571	100	-0.00612787	0.000248426
2572	200	-0.00569432	0.000195498
2574	100	-0.00390769	0.000189019
2575	100	-0.0054111	0.000269255
2577	100	-0.00291388	0.000402408
2578	100	-0.00304052	0.000490547
2581	200	-0.00532729	0.000217594
2582	100	-0.00243076	0.000122852
2585	100	-0.00261012	0.000767386
2587	200	-0.00311866	0.000242979
2588	200	-0.00373799	0.000177254
2589	100	-0.00541047	0.0001914
2590	200	-0.00649214	0.000250472
2591	100	-0.00436731	0.000209967
2592	100	-0.00466941	0.000220125
2593	100	-0.00427087	0.000238361
2594	100	-0.00581724	0.000182607
2597	100	-0.00256242	0.000196528
2599	100	-0.00392818	0.000208394
2600	200	-0.00507293	0.000207633
2602	200	-0.00301014	0.000195437
2605	100	-0.00534315	0.000175383
2608	100	-0.00457942	0.000175753
2609	200	-0.00403655	0.000205545
2610	100	-0.00459597	0.000224661
2611	100	-0.00474781	0.000258711
2612	100	0.000393402	0.000123258
2613	200	-0.00473785	0.000178187
2615	100	-0.00276301	0.000172978
2618	300	-0.00373529	0.000217663
2620	100	-0.00306046	0.000290335
2621	200	-0.00279879	0.000146981
2623	200	-0.0036421	0.00020674
2626	300	-0.00371687	0.000183577
2628	100	-0.00531998	0.000227974
2629	100	-0.00185875	0.000398583
2631	100	-0.00442971	0.000259407
2636	100	-0.00590604	0.000217596
2637	100	-0.00525914	0.000203296
2640	100	-0.00328423	0.000225744
2642	100	-0.00206609	0.00018172
2646	100	-0.00419169	0.000170687
2647	100	-0.00860538	0.000181401
2648	100	-0.00353754	0.000222175
2650	100	-0.0049113	0.000145609
2653	100	-0.00580132	0.000239191
2655	100	-0.00304396	0.000232557
2657	200	-0.0058014	0.00019332
2659	100	-0.00418445	0.000325587
2660	100	-0.00513656	0.000273261
2661	100	-0.00530176	0.000211092
2663	100	0.00224119	0.000154059
2669	100	-0.00406026	0.000207168
2671	100	-0.000181505	0.000147938
2672	100	-0.00524931	0.000181483
2675	200	-0.00410991	0.000169059
2678	200	-0.00365987	0.000177601
2679	200	-0.00391103	0.000224162
2680	100	-0.00230003	0.00016964
2682	200	-0.00526174	0.000480922
2686	100	-0.00484821	0.000380452
2688	100	-0.00411581	0.000175733
2692	100	-0.00496105	0.000591321
2694	100	-0.00213558	0.000241516
2695	100	-0.00327651	0.000346552
2698	100	-0.00288882	0.000670534
2699	100	-0.00522792	0.000497554
2702	100	-0.00365334	0.000191438
2703	100	-0.00437133	0.000185388
2705	200	-0.00454518	0.000191617
2711	200	-0.00482961	0.000195008
2712	100	-0.000599076	0.000154205
2717	100	-0.00309459	0.000201565
2718	100	-0.00582865	0.000208785
2719	100	-0.00531901	0.000207389
2721	100	0.000278114	0.000181208
2722	200	-0.00358511	0.000560228
2723	100	-0.00336066	0.000272764
2724	100	-0.000122485	0.000172691
2725	300	-0.00490299	0.000221964
2730	100	-0.00713129	0.000245951
2732	200	-0.00170962	0.000199392
2733	100	-0.00332246	0.000216887
2736	200	-0.00471816	0.000221018
2737	100	-0.00546196	0.000188838
2740	100	-0.00541716	0.000194096
2742	100	-0.00281964	0.000343832
2743	200	-0.00339215	0.000188003
2748	200	-0.00382362	0.000189986
2753	100	-0.0048455	0.000198344
2754	100	-0.00583891	0.000323404
2757	100	-0.00483183	0.000195557
2758	100	-0.00470295	0.000282404
2760	300	-0.00552574	0.000183084
2761	100	-0.00385558	0.000277717
2767	200	-0.00233341	0.000252333
2769	200	-0.00465224	0.000222453
2770	100	-0.00280295	0.000197436
2772	100	-0.0046861	0.000231273
2776	200	-0.00298227	0.000159887
2780	100	-0.00408943	0.000325181
2789	100	-0.00293683	0.000279922
2794	100	-0.00553854	0.000235804
2797	100	-0.00461468	0.000185308
2803	100	-0.00198893	0.000409852
2804	200	-0.00407981	0.00025517
2809	100	-0.00483414	0.000170228
2812	100	-0.000866326	0.000171255
2814	100	-0.00615477	0.000156103
2818	200	-0.00419356	0.000164802
2819	100	-0.00186786	0.00020018
2821	100	-0.00599971	0.00024061
2824	100	-0.0034555	0.000247829
2826	100	-0.00196707	0.000361842
2831	100	-0.00346916	0.000163022
2834	100	-0.00216104	0.00018618
2836	100	-0.0036607	0.000181247
2837	200	-0.00399331	0.000209282
2838	100	-0.00508797	0.000154832
2839	100	-0.00510172	0.000318426
2840	100	-0.00770527	0.000239343
2846	100	-0.0038763	0.000166252
2847	100	-0.00319756	0.000173305
2849	100	-0.00448145	0.000554368
2855	100	-0.00623561	0.000202962
2856	200	-0.00469597	0.000206455
2857	100	-0.0034273	0.000158294
2863	100	-0.000938802	0.00018736
2865	100	-0.00354646	0.000168573
2866	100	-0.00368404	0.00020107
2869	100	-0.00435337	0.000211449
2872	100	-0.00532849	0.0002461
2873	100	0.000364549	0.000126953
2875	100	-0.00736659	0.000182903
2876	200	-0.00428843	0.000154759
2879	100	-0.00421863	0.00023915
2895	100	-0.00510827	0.000194363
2900	100	-0.00552302	0.000210157
2902	100	-0.00171275	0.000246015
2904	100	-0.00383999	0.000170839
2909	100	-0.00512056	0.000257319
2911	100	-0.00355144	0.000181097
2921	100	-0.00674055	0.000216055
2925	100	-0.00444827	0.000222423
2940	100	-0.0051377	0.000210126
2942	100	-0.00362518	0.000185725
2975	100	-0.00364395	0.000188372
2979	200	-0.00222124	0.000202635
2981	100	-0.00245405	0.000153283
2998	100	-0.00224399	0.000209881
3003	200	-0.00339118	0.000254648
3004	100	-0.0038581	0.00022574
3017	100	-0.00250203	0.000189133
3019	100	-0.00815536	0.000257865
3020	100	-0.00416893	0.000203206
3025	100	-0.00412125	0.000163134
3027	100	-0.00545978	0.000340042
3029	100	-0.00229742	0.000149154
3033	100	-0.00214662	0.000187366
3039	100	-0.00283939	0.000182959
3043	100	-0.00383626	0.000299277
3044	100	-0.00275496	0.000175525
3046	100	-0.00116723	0.000143171
3055	100	-0.00072398	0.000117627
3062	100	-0.00342526	0.000207674
3063	100	-0.00420686	0.000209056
3065	100	-0.000713827	0.000140104
3069	100	-0.00304834	0.000161964
3075	100	-0.00293039	0.000204362
3076	100	-0.00454284	0.000241498
3078	100	-0.00404122	0.000281834
3080	100	-0.0041078	0.00015824
3082	100	-0.00674687	0.000236325
3084	100	-0.00381704	0.000183463
3085	100	0.00153753	0.000191716
3106	100	-0.00574054	0.000189534
3117	200	-0.00412923	0.000227307
3119	100	-0.00297743	0.00020301
3124	100	-0.000332888	0.000140609
3136	100	-0.00308283	0.000205933
3137	100	-0.00389069	0.000223244
3138	100	-0.00315758	0.000174657
3140	100	-0.00398878	0.000209589
3151	100	-0.00350312	0.000148115
3155	100	-0.000131885	0.000167082
3166	100	-0.000823138	0.000268627
3167	100	-0.00334367	0.000164426
3172	100	-0.00148961	0.000245702
3176	100	-0.0015867	0.000162457
3179	100	-0.00444458	0.000191328
3186	200	-0.00217088	0.00018734
3192	100	-0.000180724	0.000152635
3193	100	-0.00437066	0.000180861
3199	100	-0.00580019	0.000214057
3210	100	-0.00163731	0.0002466
3216	100	-0.00508315	0.000175181
3220	100	-0.00307486	0.000170266
3221	100	-0.000490445	0.000138559
3242	100	-0.00522257	0.000192261
3244	100	-0.00122442	0.000173516
3250	100	3.15429e-05	0.000331398
3255	100	-0.0044234	0.000209241
3259	100	-0.00144799	0.00059189
3261	100	-0.00160396	0.000322574
3275	100	-0.00103596	0.000184734
3278	100	-0.00438291	0.000212911
3281	100	-0.000306069	0.000165697
3286	100	-0.0029316	0.000193501
3287	100	-0.00346565	0.00021415
3296	100	-0.00364584	0.000157006
3298	100	-0.00407898	0.000209069
3304	100	-0.00258807	0.000152708
3306	100	-0.00609289	0.00019483
3313	200	-0.00217438	0.000184346
3316	100	-0.00352798	0.000170768
3328	100	-0.00145603	0.000234767
3347	100	0.000226945	0.000193183
3350	100	0.000869148	0.000246565
3354	100	-0.00220889	0.000191709
3356	100	-4.95247e-05	0.000162991
3360	100	-0.00116726	0.00019331
3366	100	-0.00349343	0.000228301
3368	100	-0.00207884	0.000227904
3373	100	-0.00271789	0.000235399
3374	100	-0.000365283	0.000204373
3375	100	0.00038305	0.000252853
3379	200	-0.00177835	0.000195888
3381	100	-0.00273839	0.000186946
3384	100	-0.00073086	0.000138763
3389	200	-0.00465749	0.000217103
3390	100	-0.00570949	0.000238012
3401	100	-0.00232964	0.000207608
3405	100	-0.00167012	0.000197203
3414	200	-0.000456834	0.000143479
3430	100	-0.00369749	0.000170133
3436	100	0.000479491	0.000168134
3438	100	-0.0021958	0.000149012
3442	100	1.10644e-05	0.000172363
3446	100	-0.00179828	0.00032659
3455	100	-0.0018763	0.000251905
3458	100	-0.00338782	0.00021418
3461	100	-0.00151079	0.000282845
3468	100	0.0013613	0.000501392
3472	100	-0.00134978	0.000673169
3475	100	-0.00257846	0.000188825
3480	100	-0.00207734	0.000196314
3487	100	-0.00298743	0.000168718
3488	100	-0.00175662	0.000225235
3495	100	-0.00312757	0.000225768
3496	100	-0.00262707	0.000199701
3503	100	-0.00335256	0.000179476
3510	100	-0.00105885	0.000308672
3525	100	-0.00266315	0.000247401
3530	100	-0.00294972	0.000202116
3535	100	-0.000916331	0.000127914
3540	100	-0.00223898	0.000175791
3548	100	-0.00425191	0.00013573
3549	100	-0.0044788	0.00018028
3550	100	-0.00112964	0.000219614
3554	200	-0.00375904	0.000193754
3557	100	-0.00560205	0.000211246
3558	100	-0.00318811	0.000232939
3561	100	-0.00458605	0.00018431
3568	100	-0.00292572	0.000199419
3570	100	8.75313e-05	0.000196181
3578	100	-0.0033884	0.000231865
3584	200	-0.0033639	0.000183876
3588	100	-0.00278914	0.00014587
3591	100	-0.00667261	0.000226771
3600	100	-0.00372664	0.000212784
3602	100	-0.00236567	0.000180127
3605	100	-0.00401361	0.000212936
3611	100	-0.000651657	0.000172619
3634	100	-0.00211417	0.000261992
3635	100	-0.00387733	0.000199936
3636	100	-0.0030943	0.000215261
3644	100	-0.00292852	0.000204706
3648	100	-0.00189644	0.000211677
3650	100	0.0016326	0.000163465
3658	100	-0.00351064	0.000241344
3661	100	-0.00243728	0.000187051
3664	100	-0.00214383	0.000227706
3678	100	-0.00265656	0.000205298
3680	200	-0.000377717	0.000213311
3693	100	0.000524533	0.000203624
3698	100	-0.00350182	0.000143875
3705	200	-0.00135032	0.000193364
3712	100	-0.0020695	0.000183652
3725	100	-0.00278227	0.000189193
3735	200	-0.000280113	0.000344369
3748	100	0.00141156	0.000161587
3754	100	0.000543415	0.000132654
3761	100	0.00130643	0.000137025
3766	100	0.000283495	0.000102158
3770	100	-0.00137604	0.000169932
3772	100	-0.00328996	0.000242857
3776	100	-0.00123328	0.000151617
3781	100	0.00123583	0.0001779
3795	100	-0.00229543	0.000244159
3798	100	-0.00326084	0.000143309
3803	100	0.00297024	0.000355271
3807	100	-0.00263608	0.000168734
3808	100	-0.00335214	0.000168374
3827	100	-0.00166006	0.000147513
3831	100	-0.00225506	0.000110323
3833	100	8.61535e-05	0.000107135
3839	100	-0.000894286	0.000120033
3848	100	-0.000667908	0.000142543
3852	200	-0.00235136	0.000149315
3854	100	-0.000748408	0.000108943
3894	100	-0.0029998	0.000163231
3902	100	-0.000259941	0.00012611
3904	100	-0.00261122	0.000139431
3906	100	-0.00101939	0.00014309
3909	200	-0.000560543	0.000118489
3914	100	-0.00214609	0.000142968
3915	100	-0.00205255	0.000114535
3916	100	0.000379575	9.37751e-05
3927	100	0.000580702	0.000110099
3934	100	-0.00182756	0.000128751
3945	100	-0.00267469	0.00012107
3947	100	-0.00379064	0.000135626
3949	100	0.000162134	0.00015251
3970	100	-0.00318317	0.000158634
3973	100	-0.00506509	0.000120369
4001	100	-0.00131967	0.00019863
4021	100	-0.00412658	0.000132396
4022	100	-0.00242001	0.000150583
4028	100	-0.00310535	0.000137072
4042	100	0.000161311	0.000139217
4058	100	-0.00210733	0.000158865
4062	100	-0.00204012	0.000133262
4064	100	0.00160826	0.000151735
4070	100	-0.000207097	0.000111409
4071	100	0.000665796	0.000102161
4076	100	-0.00329762	0.000133757
4082	100	-0.00215198	0.000120244
4084	100	-0.00171055	0.000140706
4095	100	0.00249357	0.000109503
4096	100	-0.0029144	0.000118708
4102	100	-0.000852784	0.000116763
4120	100	-0.00293127	0.000130782
4126	100	-0.000635518	0.000101978
4143	100	-8.97682e-05	0.000127025
4151	100	-0.000493293	0.000135809
4154	200	-0.00113475	0.000134606
4158	100	-0.00206635	0.000269639
4168	100	-0.00289794	0.000133156
4170	100	0.00243307	0.00015977
4178	100	-0.00112021	0.000161497
4182	100	-0.00139252	0.000125701
4195	200	-0.000737981	0.000108547
4199	100	0.0002023	0.000133512
4200	100	-0.000937724	0.000135484
4208	100	-0.000763676	0.000133332
4215	100	-0.00049146	8.78324e-05
4230	100	-0.00199821	0.000100692
4241	100	-0.000990766	0.000127677
4248	100	-0.00201756	0.000154229
4269	100	0.000452627	0.000131411
4274	100	-0.00178051	0.000133873
4282	100	-0.00171196	0.000150762
4297	100	-0.000270558	0.000146987
4304	100	-0.00146511	0.000127148
4308	200	-0.00228231	0.000135905
4310	200	-0.00178238	0.000123542
4316	100	-0.00187214	0.000111755
4317	100	-0.00311872	0.000138984
4321	100	-0.00137988	0.000130682
4324	100	-0.00141506	0.000137252
4342	100	0.000440115	0.0001049
4345	100	0.000393861	0.000137434
4348	100	0.00238551	0.000133704
4358	100	0.00231304	9.23506e-05
4359	100	0.000579425	8.84773e-05
4365	100	-0.00187491	0.000144364
4366	100	-0.00133407	0.000116743
4389	100	-0.00225385	0.000110548
4391	100	-0.00447771	0.000157083
4393	200	-0.00112802	0.000204271
4400	100	-0.00117089	0.000136216
4405	100	-0.00132195	0.000156538
4406	100	9.15147e-05	0.000108492
4410	100	0.000799175	0.000108983
4420	100	-0.0015946	0.000167224
4421	100	0.000934035	0.000109742
4424	100	0.00243402	0.00013624
4425	100	-0.00219304	0.000154336
4435	100	2.44694e-05	0.000112498
4439	100	0.00158081	0.000136852
4441	100	-0.00244608	0.000160504
4443	100	0.000429093	0.000127231
4449	100	-0.000778178	0.000151499
4451	100	-0.00433547	0.00014481
4454	100	-0.00193404	0.000169041
4457	100	-0.00134149	0.00012454
4461	100	-0.00211718	0.000140618
4463	100	-0.00172134	0.0001688
4466	100	3.32518e-05	0.000137507
4469	100	0.000196557	0.000142893
4480	100	0.00310507	0.000128653
4490	200	-0.00232183	0.000122582
4491	100	-0.00141113	0.000123758
4499	100	-0.000555119	0.000153664
4503	100	-0.00125924	0.000249464
4517	100	0.00109122	0.000151013
4522	100	0.00210695	0.000118993
4547	100	0.00186093	0.00014812
4566	100	-0.000111293	0.000128923
4575	100	-0.00441304	0.000152432
4593	100	0.00217927	0.000109085
4596	100	-0.00121399	0.000133037
4602	100	0.00196398	0.000123206
4604	100	0.000534673	9.75448e-05
4609	100	-0.000212183	0.000128727
4612	100	0.00143647	0.000118718
4618	100	0.00223458	0.000128421
4632	100	5.235e-05	0.000110529
4639	100	-0.00101014	0.000129648
4640	100	0.00171842	0.000154629
4660	100	0.00146514	0.00011736
4662	100	0.000586395	0.000138616
4663	200	9.67555e-05	0.000136722
4674	200	7.47824e-05	0.000111495
4681	100	-0.00151039	8.78432e-05
4706	100	-0.00060171	0.000169563
4707	100	-0.00211425	0.000111667
4708	100	-0.00211426	0.000125678
4714	100	-0.00105739	0.000184112
4717	100	-0.00214591	0.000110255
4721	200	-0.00126855	0.000113177
4739	100	-0.00123312	0.000133562
4759	100	-0.00029376	0.000127166
4765	100	-0.00219035	0.000195046
4778	100	0.000714784	0.000103573
4781	100	-0.000300481	0.000156578
4790	100	0.000504011	0.000116166
4794	100	0.00179755	0.000146562
4798	100	7.87907e-05	0.000151673
4820	100	-0.000609453	0.000139968
4824	100	-7.52878e-05	0.000100283
4826	100	0.00133405	0.000111423
4827	100	0.000883177	0.000143726
4828	100	-0.00135333	0.000123681
4831	100	0.00127653	0.000119966
4839	100	-0.000494566	0.000146517
4841	100	0.00285619	0.000132957
4847	100	0.00178027	0.00010886
4855	100	-0.00195897	0.000124121
4865	100	0.00044473	0.000115898
4888	100	0.00242233	0.00010294
4891	100	0.0023003	0.000152296
4894	100	0.000568808	0.00017047
4896	100	-0.000987731	0.000185007
4904	100	0.00226677	0.000115472
4929	100	-0.000419422	0.000209724
4931	100	-0.0016542	0.000112119
4946	100	0.000492006	0.000120039
4975	100	0.00119104	0.000109536
5018	100	-0.00126741	0.000118722
5026	100	-0.000618829	0.000141433
5035	100	-0.00135994	0.000129816
5040	100	-0.0010297	0.000153262
5067	100	0.00130641	9.58013e-05
5089	100	6.38352e-05	0.00017692
5099	100	-0.000637339	0.000124423
5105	100	-0.00157309	0.000117581
5125	100	-0.001437	0.000108268
5142	100	0.000883583	0.000121425
5152	200	-0.000130126	0.000120358
5166	200	0.000754789	0.000134193
5172	200	0.00046557	0.000136663
5175	100	0.000195669	0.000133
5191	100	0.0030368	0.000130903
5192	100	-0.00054283	0.000171229
5198	100	-0.000637699	0.000122573
5199	100	0.00280487	0.000138949
5201	100	-0.000395286	0.000118326
5217	200	0.00020071	0.000119343
5223	100	-0.00161469	0.000117342
5241	100	-0.001653	0.000192854
5252	100	0.00269815	0.000130912
5269	100	0.000692931	0.000112912
5271	100	-4.11006e-05	0.000120295
5284	100	0.00123902	0.000134398
5330	100	-0.00144768	0.000125729
5333	100	0.000932784	8.18786e-05
5356	100	-0.000263676	0.000109823
5385	100	0.000163341	0.000131231
5407	100	0.00092365	0.000101052
5414	100	0.000839188	9.88026e-05
5427	100	0.00210138	0.00011177
5442	100	-6.91669e-05	0.000102644
5499	100	0.00043418	0.000102522
5504	100	-0.000694218	0.000111952
5507	100	0.00057642	9.29263e-05
5508	200	0.000602059	0.00014907
5510	100	0.00105019	0.00013335
5512	100	-0.000426692	0.000148429
5534	100	0.00159461	0.000116261
5544	100	0.000472207	8.45283e-05
5611	100	0.00127491	0.000138941
5617	100	-5.25283e-05	0.000138769
5641	100	0.00226782	0.000115446
5694	100	0.000485967	0.000137354
5730	100	0.000897018	9.88902e-05
5767	100	0.000366845	0.000142743
5825	100	0.00099429	0.000153592
5828	100	-0.000155255	0.000129553
5847	100	0.00340071	0.000170652
5892	100	0.000980865	0.000164878
5897	100	0.00135339	0.000134967
5974	100	0.00143594	0.000111469
5981	100	0.0021724	0.000151782
6000	100	3.53789e-05	0.000122048
6018	100	0.0027394	0.00012455
6040	100	0.00026088	0.000119155
6053	100	-5.18134e-05	0.000104173
6058	100	-0.000654239	0.000119697
6066	100	-0.00109543	0.000141553
6073	100	0.00199221	0.000157037
6078	100	-0.00170828	0.000111662
6084	100	0.000448181	0.00011897
6087	100	0.00141023	0.000128045
6094	100	0.00195281	0.00012178
6098	100	0.00253619	0.000139504
6111	100	0.00146622	0.000128481
6125	100	0.000777502	0.000136103
6147	100	7.52028e-05	0.000137477
6150	100	0.00206286	0.000160376
6157	100	-0.00171587	0.000116628
6166	100	-0.00113877	0.000148427
6178	100	0.00085627	8.96548e-05
6206	100	0.000373973	0.000123346
6210	100	-0.00152685	0.000130587
6214	100	0.00158749	0.000112303
6220	100	0.00195932	0.000144384
6243	100	0.000120427	0.000121281
6244	100	0.00163571	0.000113866
6253	100	-0.00130902	0.000102753
6260	100	0.00484746	0.000142592
6262	100	0.000806499	0.000131096
6264	100	-0.00313237	0.000132711
6293	100	0.000596354	0.000131422
6303	200	0.000873164	0.000123591
6325	100	0.000283779	0.000195982
6326	100	-0.000385593	0.000135129
6329	100	-5.23006e-05	0.000131678
6330	100	0.00109088	0.00013381
6332	100	0.00119019	0.000144495
6340	100	-0.000228913	0.000118714
6350	100	0.0016708	0.000126707
6362	100	-0.000543364	0.000142652
6363	100	0.000158577	0.000165795
6370	100	-0.000203027	9.68972e-05
6371	100	0.00144554	0.000127084
6375	200	0.000796494	0.000208409
6376	100	-0.00105722	0.00012867
6383	100	0.000222228	0.000199073
6387	100	0.000675115	0.000226616
6391	100	0.000155147	0.00012508
6402	100	0.000320932	9.81173e-05
6414	100	-0.00116321	0.00015232
6418	100	0.000762265	0.000128685
6437	100	0.00211534	0.00012114
6439	100	-0.000412882	0.000127495
6440	100	0.000709947	0.000116056
6441	100	0.00033828	0.000125448
6457	100	0.000880547	0.000141969
6468	100	-0.000243847	0.000113782
6472	200	0.000435805	0.000170397
6479	100	-0.000384897	0.000131393
6480	100	-0.00078596	0.000129963
6484	100	-5.4031e-05	0.000112794
6485	100	0.000760136	0.000136912
6491	100	-9.17351e-05	0.00012039
6493	100	-0.000511318	9.82094e-05
6495	100	0.00011228	0.000118059
6500	100	-0.00047163	0.00012064
6506	100	0.0011387	0.000130683
6511	100	-0.000997388	0.000159433
6516	200	0.000255815	0.000139474
6521	100	-0.000415584	0.000117411
6530	100	0.00115738	0.0001509
6541	100	0.00206872	0.000155329
6551	100	-0.00164188	0.000161381
6555	100	-0.000188753	0.000137651
6557	100	0.00171151	0.000138874
6565	100	-0.000417516	9.28471e-05
6569	100	-0.000379689	0.000160098
6595	100	0.00289512	0.000154334
6601	100	0.000211918	0.000137361
6602	100	-0.000609683	0.00013256
6604	200	0.000795005	0.000151834
6614	200	0.000714416	0.000138838
6616	100	0.00167203	0.000128142
6628	100	-0.0010742	0.000137959
6634	100	0.000446773	0.000111443
6638	100	0.000589345	0.000158719
6644	100	-0.00021721	0.000138011
6655	100	-0.000968165	0.000143489
6661	100	0.00110641	0.000145995
6666	100	1.69348e-05	0.000146369
6669	100	-0.000456141	0.00013072
6671	100	0.00146699	9.82662e-05
6674	100	-0.0014012	0.000172188
6678	100	0.00142117	9.58936e-05
6698	100	0.00212476	0.00014655
6706	100	-0.00125241	0.000144189
6708	100	-0.000408708	0.00012821
6715	100	0.00155424	0.000143477
6716	100	0.00151805	0.00015829
6719	100	0.00106665	0.000127176
6728	100	0.00236519	0.000111935
6731	200	-0.000504506	0.000145698
6737	100	0.000971703	0.000134965
6741	100	-0.001234	0.000116619
6744	100	0.00100522	0.000149702
6745	100	-5.54504e-05	0.000142333
6749	100	-0.00132758	0.000132736
6754	100	-0.000551609	0.000131108
6762	100	0.00091265	0.00014493
6767	100	0.00141468	0.000139783
6787	100	-0.00116475	0.000117589
6793	100	-2.78168e-06	8.92211e-05
6804	100	-0.000312515	0.000145551
6813	100	-0.000256851	0.000219474
6815	100	0.000779123	0.000147377
6816	100	-0.000174784	0.000174795
6819	100	-0.000584475	0.000124586
6820	100	0.00105328	0.000124743
6823	100	-0.00128246	0.000134577
6826	100	0.000925109	0.000140214
6829	100	-0.000719961	0.000152104
6831	100	-0.00223625	0.000145564
6834	100	-0.00124231	0.000129323
6839	100	-0.000872688	0.000128942
6844	100	0.000366174	0.000177944
6847	100	0.00040053	0.000134771
6856	100	0.00226343	0.000132528
6861	100	-0.00186977	0.00011881
6862	100	0.0023363	0.000121361
6869	100	-0.000269083	0.000137319
6881	100	0.00099853	0.000116694
6896	100	0.000990036	0.000109012
6902	100	0.00189425	0.00016951
6903	100	-0.0017744	0.000150424
6905	100	0.00063495	0.000119434
6920	200	0.00101771	0.000134941
6928	100	0.000127162	0.000157303
6929	100	-0.00148903	0.000118528
6940	200	-0.000173925	0.000112213
6944	100	-0.00027955	0.000154761
6946	100	0.000882774	0.000131475
6953	100	-0.0014787	0.000114216
6961	100	0.000587926	0.000117375
6962	100	0.000399696	0.000160573
6976	200	0.000315217	0.000125053
6978	100	-9.40754e-05	0.000124691
6990	100	0.00232384	0.000281851
6992	100	0.000135316	0.000121015
6997	100	-1.95987e-05	0.000123077
7012	100	-0.000870756	0.000120901
7013	100	0.00149409	0.000269592
7016	100	0.00185683	0.000141986
7021	100	0.0010592	0.000154687
7024	100	0.000494522	0.00011348
7047	100	-0.0019841	0.000125468
7058	100	0.00179884	0.000144752
7059	100	0.00049445	0.000108416
7071	200	-0.00170326	0.000120217
7080	200	-0.00168573	0.000140898
7084	100	0.00143486	0.000110427
7093	100	0.00335093	0.000155561
7095	100	-0.000662406	0.000155449
7103	100	0.00205378	0.000118258
7121	100	0.000550268	0.000136168
7127	100	0.00164773	0.000145323
7146	100	-0.00139787	0.00012362
7147	100	-0.00208192	0.000131025
7156	100	-0.00154225	0.000144201
7192	100	0.000282689	0.000124305
7199	100	0.000282308	0.000134003
7217	100	0.000189498	0.000134352
7224	100	0.000515164	9.92827e-05
7235	100	0.000857629	0.000118185
7239	100	1.25257e-05	0.000145051
7249	100	-0.00110269	0.000102065
7252	100	0.000963572	0.000121355
7256	200	-0.000678191	0.000141417
7261	100	-0.00312828	0.000136911
7266	100	0.000775246	0.000139505
7277	100	-5.78372e-05	0.000106254
7284	100	-0.000961698	0.000133027
7306	100	-0.00055902	0.000125429
7346	100	0.00120108	0.000147841
7350	100	0.000630688	0.000111903
7353	100	0.000275595	0.000159552
7354	100	-0.000515588	0.000131779
7363	100	-0.0003033	0.000109741
7367	100	-0.00206003	0.000124442
7368	100	-5.70828e-06	0.000156211
7376	100	-0.000139684	8.17062e-05
7380	100	-0.00110679	0.00017784
7394	100	-0.000808086	0.00010906
7398	100	9.65529e-05	0.000138238
7404	100	0.000606488	0.000120968
7419	100	-0.000881252	0.000131001
7425	100	-0.000760987	0.000166134
7427	100	-0.00184809	0.00018622
7450	100	0.000804096	0.000141551
7470	100	0.00210005	0.000128819
7473	100	0.00172481	0.000131165
7480	200	0.000314334	0.000137005
7494	100	0.000498092	0.000141036
7497	200	-8.3555e-05	0.000138399
7503	100	0.000883932	0.00011425
7505	100	-0.000320126	0.0001175
7507	100	-0.000781326	0.000113708
7510	100	0.00125472	0.000146102
7512	100	-0.00141793	0.000122235
7513	100	-0.000321157	0.000107309
7518	200	0.00115391	0.000140198
7529	100	-0.00106329	0.000175022
7542	100	0.000597228	0.000149026
7546	100	-0.00103612	0.000125018
7549	100	0.000561845	0.000119046
7552	200	-0.00146134	0.000150226
7556	300	0.000741972	0.000162368
7570	100	-0.000854266	0.000146069
7583	100	0.00191196	0.000141541
7590	100	-0.000540809	0.000118436
7602	100	-0.00112925	0.000155642
7609	100	-0.00300963	0.000116813
7612	100	0.000424928	0.000149671
7619	100	8.62906e-05	0.000151923
7621	100	-9.08282e-06	0.000155827
7629	100	-0.00139639	0.000132758
7630	100	0.00058145	0.000159338
7634	100	-0.00137069	0.000152726
7639	100	-0.0013704	0.000110846
7642	100	-0.000421446	0.000149705
7643	100	0.00147224	0.000165718
7650	200	-8.42262e-05	0.000145186
7659	100	0.00161797	0.000123209
7670	100	-0.00155271	0.000133361
7673	100	0.00014828	0.00010891
7690	100	-0.00153203	0.000116059
7704	100	0.00149896	0.000153645
7706	100	-0.00100103	0.000111801
7707	100	0.000183706	0.000170477
7711	100	7.83701e-06	0.000113434
7712	100	0.000624401	0.000138809
7719	100	0.00105444	0.000127461
7722	100	0.000886791	0.00018868
7724	100	0.00027067	0.000149418
7726	100	-0.00160546	0.000141774
7727	100	-0.000608837	0.000103581
7734	100	-5.40748e-05	0.000174704
7737	100	-0.00181485	0.000124041
7739	100	0.00269603	0.000133384
7742	100	-0.000306894	0.000152667
7745	100	-0.000767508	0.00010917
7748	100	-0.000715148	0.000173532
7749	100	-0.00112257	0.000182241
7761	200	-0.000624263	0.000256919
7763	100	0.000695063	0.000123242
7773	100	0.000768951	0.000114094
7783	100	0.00102097	0.000130627
7796	100	-0.00177397	0.000118126
7799	100	-0.000764757	9.5441e-05
7800	100	-0.000953113	0.00013006
7814	100	-0.000335002	0.000126116
7937	100	0.00115968	0.000117563
7967	100	-0.00150312	0.000157463
7998	100	0.00185122	0.000136552
8216	100	0.000849919	0.000120025
8255	100	0.00230103	0.000138853
8422	100	0.00134329	0.000124557
8434	100	0.000175753	0.000122559
8600	100	0.00330902	0.000147728
8809	100	-0.00164987	8.96389e-05
8894	100	0.000186543	0.000129021
9122	100	0.00160826	0.000155567
9486	100	4.04591e-05	0.000166173
9624	100	0.00188851	0.000122132
9653	100	-0.000538047	0.000142891
9704	100	-0.000510199	0.000119616
9732	100	-0.00187354	0.000142155
9876	100	0.00202366	0.000153211
9954	100	0.00212914	0.000123684
10106	100	0.000585564	0.000161444
10125	100	0.000351396	0.000118869
10130	100	0.00114366	0.000196846
10180	100	0.00119842	0.000139654
10187	100	-0.00117723	0.000136752
10199	100	-9.03787e-05	0.000136778
10269	100	-0.00111832	0.00012085
10320	100	0.000140111	0.000133845
10355	100	-0.00135464	0.000133601
10381	100	-0.00221112	0.000138157
10419	100	-0.00184998	0.000140844
10448	100	-0.00023027	0.00013846
10483	100	0.000504223	0.000101224
10512	100	0.000238254	0.000136682
10528	100	0.00134701	0.000163516
10531	100	-0.000660334	0.000150031
10533	100	-0.00112833	0.000173104
10538	100	0.000829904	0.000109171
10548	100	-9.07264e-05	0.00011733
10555	100	-0.000266051	0.000161135
10583	100	-0.00130382	0.000156357
10589	100	0.000899666	0.000139751
10591	100	0.000636976	0.000158958
10603	100	0.00105652	0.000153962
10608	100	0.000920123	0.000158458
10644	100	-0.00135019	0.000181524
10648	100	-0.000462851	0.000111247
10652	100	0.00164497	0.000249527
10664	100	-0.000738843	0.000108638
10684	100	0.000726259	0.000164252
10708	100	-0.00352707	0.000157796
10713	100	-0.00188974	0.000114907
10721	100	-0.00049413	0.000139031
10723	100	-0.00126137	0.000124434
10743	100	-0.00207882	0.000152692
10747	100	0.000759772	0.000170711
10761	100	-0.000416297	0.000164452
10769	100	-0.000681563	0.000158638
10775	100	-0.0013353	0.000138063
10790	100	-0.000255212	0.000125847
10820	100	-0.000687874	0.000115355
10829	100	0.000310846	0.000131412
10833	100	-0.00165605	0.000131237
10841	100	0.00084987	0.000125181
10842	100	-0.00125232	0.00014478
10858	100	0.0010194	0.000158678
10859	200	-0.00110147	0.000139973
10862	100	0.00153074	0.000260651
10868	100	-0.000257931	0.000159086
10941	100	0.00105322	0.000117656
10952	100	0.00148578	0.000143986
10961	100	-0.00135025	0.000134746
10980	100	-0.000884788	0.000129625
10988	100	-0.0023742	0.000152206
11006	100	-0.000454888	0.000137484
11010	100	-0.00156368	0.000162728
11027	100	-0.000553415	0.000135435
11036	100	0.000260998	0.000185127
11058	100	0.000546218	0.000102734
11084	100	0.000124287	0.000129857
11097	100	-0.00159119	0.00013621
11108	100	-0.00172473	0.000133721
11160	100	0.000480964	0.000150858
11168	100	0.001162	0.000113267
11278	100	5.47987e-05	0.000154089
11402	100	-0.00243308	0.000150414
11416	100	0.000342822	0.000122064
11458	100	-0.00175494	0.000141675
11485	100	-0.00183025	0.000112174
11535	100	0.00277602	0.000190993
11554	100	-0.00265866	0.000139363
11624	100	0.000812429	0.000154309
11679	100	-0.00101598	0.000112815
11698	100	-0.00231711	0.000177462
11719	100	0.000686119	0.000141163
11856	100	-0.00053883	8.8113e-05
11904	100	0.000576582	0.000164246
11944	100	-0.00025466	0.000100061
12069	100	-0.000179032	0.000146987
12182	100	-0.000246789	0.000121804
12416	100	0.000779414	0.000120802
12524	100	0.00143916	9.94043e-05
21855	100	0.00165516	0.000146716
34630	100	0.0013639	0.000197299
