10	7119900	-0.979797	4.84402
11	5777100	-0.893714	4.12262
12	4805300	-0.814662	3.56839
13	4060400	-0.747897	2.90416
14	3477400	-0.689633	2.43491
15	3040000	-0.639436	2.12163
16	2685300	-0.594721	1.86781
17	2338100	-0.56245	1.63196
18	2040700	-0.533566	1.45918
19	1818100	-0.50689	1.37009
20	1617200	-0.487709	1.22792
21	1405100	-0.464879	1.10243
22	1257600	-0.445703	1.07991
23	1126000	-0.435158	0.936391
24	1006700	-0.424439	0.841467
25	873900	-0.420527	0.851561
26	770400	-0.410452	0.857445
27	712200	-0.398786	0.733083
28	645300	-0.392085	0.686122
29	586700	-0.381895	0.669621
30	542600	-0.374766	0.654312
31	506700	-0.357941	0.581151
32	569900	-0.315726	0.489878
33	484900	-0.324687	0.506085
34	416400	-0.34103	0.487532
35	396200	-0.336397	0.515749
36	371900	-0.323502	0.484135
37	338900	-0.318914	0.442648
38	352200	-0.299935	0.420602
39	345300	-0.295281	0.372164
40	286400	-0.300855	0.464736
41	285800	-0.295412	0.39655
42	267400	-0.28224	0.339039
43	252600	-0.27802	0.360297
44	257300	-0.273271	0.315761
45	249300	-0.271942	0.297421
46	227900	-0.264072	0.29056
47	236900	-0.248699	0.267122
48	225300	-0.250721	0.255265
49	206600	-0.232776	0.267882
50	205300	-0.227748	0.226901
51	201000	-0.223508	0.233222
52	193600	-0.219123	0.20715
53	192300	-0.205446	0.191911
54	188700	-0.195729	0.189691
55	167200	-0.199843	0.175481
56	161000	-0.198083	0.185189
57	150100	-0.192232	0.172112
58	151000	-0.187905	0.17922
59	133300	-0.184544	0.152828
60	140800	-0.185611	0.158077
61	135800	-0.175883	0.13066
62	137200	-0.172013	0.132545
63	122400	-0.167418	0.125062
64	118100	-0.167096	0.128984
65	116700	-0.163648	0.131675
66	115400	-0.163018	0.127736
67	112600	-0.159744	0.123031
68	109700	-0.153484	0.108521
69	98900	-0.155546	0.107483
70	97000	-0.156106	0.101592
71	91000	-0.152111	0.096714
72	91200	-0.152588	0.100546
73	97200	-0.147212	0.0972846
74	84000	-0.145437	0.119344
75	82400	-0.144328	0.0974776
76	86400	-0.144187	0.0914234
77	92500	-0.134411	0.105005
78	96900	-0.12418	0.0815427
79	105700	-0.116768	0.0838902
80	102300	-0.117959	0.0722707
81	88700	-0.120691	0.0803743
82	69100	-0.129819	0.0759048
83	55700	-0.144846	0.0722836
84	53700	-0.136404	0.075162
85	53000	-0.13794	0.0884455
86	51300	-0.140942	0.0810138
87	51200	-0.133218	0.0899196
88	53900	-0.136032	0.101929
89	49800	-0.131028	0.0796579
90	45800	-0.133517	0.0680659
91	43700	-0.131252	0.0791575
92	39900	-0.129011	0.0711249
93	43900	-0.126261	0.0598849
94	45100	-0.13027	0.068039
95	38900	-0.124709	0.0693091
96	37300	-0.123712	0.0603628
97	35000	-0.123526	0.067625
98	35300	-0.125319	0.0765915
99	33800	-0.121052	0.06096
100	34500	-0.122831	0.0803235
101	34500	-0.122168	0.0561541
102	30100	-0.119795	0.0677753
103	34200	-0.117661	0.0588304
104	30200	-0.121707	0.0557788
105	29300	-0.114781	0.0607327
106	29800	-0.11939	0.0627954
107	31500	-0.119159	0.0534463
108	29200	-0.11655	0.0578551
109	27700	-0.119155	0.0506224
110	29600	-0.115091	0.0565833
111	26800	-0.115297	0.0554266
112	27900	-0.115113	0.053928
113	32200	-0.109235	0.0491402
114	28700	-0.113372	0.0521649
115	28200	-0.113987	0.0482568
116	27100	-0.11042	0.0436535
117	27900	-0.109651	0.0498837
118	29300	-0.111143	0.0457989
119	28900	-0.109448	0.0556386
120	29000	-0.107044	0.0584385
121	26300	-0.104648	0.0440136
122	26700	-0.105999	0.0430211
123	21100	-0.107777	0.0432022
124	23500	-0.104168	0.0430405
125	24600	-0.105915	0.0417797
126	22200	-0.104124	0.0469486
127	23800	-0.10282	0.0461233
128	21200	-0.0994411	0.0531419
129	20800	-0.0981612	0.0474692
130	20900	-0.101918	0.0413221
131	17100	-0.100499	0.0336347
132	16800	-0.0970787	0.0334347
133	19800	-0.0949512	0.0340446
134	18800	-0.0971208	0.0394448
135	16700	-0.0951558	0.0294451
136	16900	-0.0886953	0.0334191
137	18300	-0.0944339	0.0354531
138	16100	-0.0909185	0.0308218
139	15100	-0.08795	0.0261475
140	15600	-0.0818881	0.0282374
141	15700	-0.0814137	0.031811
142	20700	-0.0758233	0.0271143
143	17800	-0.0783267	0.024996
144	17100	-0.0758204	0.0244774
145	17000	-0.0751935	0.0219737
146	16900	-0.074805	0.0226631
147	17400	-0.0681455	0.0190306
148	17700	-0.0731408	0.0224956
149	21400	-0.0660293	0.0232643
150	18700	-0.0650709	0.0178924
151	18300	-0.062793	0.0206691
152	17800	-0.0580998	0.0222924
153	16700	-0.0648008	0.0159209
154	21200	-0.0603226	0.0237119
155	19400	-0.0594052	0.0273242
156	19300	-0.0570676	0.0175424
157	18900	-0.0572191	0.0167238
158	18900	-0.0619313	0.017965
159	19200	-0.0627764	0.0156951
160	15600	-0.0621098	0.0174631
161	15500	-0.0541309	0.0162675
162	15500	-0.0619019	0.0180222
163	15700	-0.0616873	0.01714
164	16500	-0.0647446	0.018454
165	13800	-0.0648745	0.0193173
166	11600	-0.0660855	0.0235353
167	12200	-0.0586465	0.0172594
168	14400	-0.0708164	0.0215129
169	11400	-0.0664725	0.0200685
170	12400	-0.0683495	0.0178437
171	12500	-0.0671978	0.0173824
172	14000	-0.065451	0.018023
173	9600	-0.0647652	0.0198752
174	11900	-0.0651311	0.0160421
175	10800	-0.0661069	0.019529
176	13800	-0.0670711	0.0197625
177	10200	-0.0619479	0.0155656
178	10600	-0.0602744	0.0164123
179	9100	-0.0590749	0.0189076
180	11500	-0.0654664	0.0184297
181	10000	-0.0631793	0.0191012
182	11100	-0.0631102	0.0166583
183	11200	-0.0663331	0.0190037
184	11500	-0.0584992	0.0139887
185	12500	-0.0599905	0.0144019
186	11300	-0.0585294	0.0153696
187	12400	-0.0532102	0.0141636
188	11400	-0.0557175	0.0142564
189	12700	-0.0562832	0.0132506
190	13300	-0.0513092	0.0110933
191	13400	-0.0538776	0.0115253
192	13100	-0.0482646	0.0108287
193	15100	-0.0483876	0.0151528
194	15400	-0.0419161	0.009401
195	17200	-0.0430063	0.00971685
196	17900	-0.0407369	0.0128053
197	18700	-0.0455968	0.0129173
198	20300	-0.038853	0.00895795
199	16300	-0.0405364	0.00874492
200	18900	-0.0382617	0.00767053
201	20100	-0.0362174	0.00807394
202	17700	-0.0380162	0.00818206
203	20200	-0.0364083	0.00794595
204	19000	-0.037349	0.00863464
205	19400	-0.0370673	0.00771966
206	14700	-0.0389388	0.00907493
207	15400	-0.0355365	0.00752053
208	14300	-0.0376783	0.00760449
209	14300	-0.0383459	0.00875734
210	13600	-0.035546	0.00654086
211	14100	-0.0380143	0.00819056
212	12500	-0.0441226	0.0107552
213	11100	-0.0466164	0.00951895
214	13200	-0.0383956	0.00834262
215	10100	-0.0406551	0.0107733
216	8700	-0.0467534	0.00826443
217	9500	-0.0461935	0.0101021
218	7600	-0.0455568	0.0419562
219	5900	-0.0395215	0.00907024
220	8700	-0.0467367	0.0143991
221	5300	-0.0455875	0.0110371
222	6900	-0.0469013	0.0131708
223	5300	-0.054367	0.0146492
224	6200	-0.0474545	0.0112722
225	5600	-0.0450181	0.00774649
226	4600	-0.048385	0.00892562
227	4300	-0.0471637	0.00971647
228	5600	-0.0505148	0.0107546
229	4200	-0.0523148	0.0107556
230	4100	-0.0492733	0.0129872
231	5500	-0.0536184	0.0123001
232	4800	-0.047996	0.00946646
233	4700	-0.0483983	0.00996014
234	3200	-0.0535401	0.0100365
235	3900	-0.0428762	0.00954685
236	4100	-0.0531031	0.0104404
237	5000	-0.0474204	0.0102794
238	4800	-0.0477706	0.0093179
239	3400	-0.0511877	0.0131652
240	4400	-0.0458702	0.016063
241	4800	-0.047626	0.0130145
242	4600	-0.0486381	0.00900362
243	5100	-0.0477648	0.00897099
244	3400	-0.0520086	0.00964961
245	4200	-0.0523881	0.01055
246	2700	-0.0468085	0.0106302
247	3000	-0.0468989	0.0106678
248	3200	-0.0545857	0.00833469
249	3200	-0.0581134	0.0106047
250	4500	-0.0508883	0.0109384
251	3700	-0.0526377	0.00907233
252	4100	-0.0505497	0.00973014
253	4300	-0.0529169	0.0108162
254	3100	-0.0490276	0.0133691
255	3000	-0.0518725	0.0104088
256	2900	-0.0490881	0.00809775
257	2700	-0.0544205	0.0115516
258	3000	-0.0442843	0.0108665
259	3200	-0.04963	0.0102005
260	2600	-0.0530665	0.00756606
261	3700	-0.0536616	0.010008
262	2900	-0.0511945	0.00802954
263	3000	-0.0494574	0.0144367
264	2800	-0.0485516	0.00808139
265	2800	-0.0490569	0.0100209
266	2000	-0.0497599	0.00851546
267	3900	-0.0512049	0.00672952
268	2000	-0.0499863	0.0220704
269	2400	-0.0465014	0.00903045
270	2700	-0.0555559	0.00919718
271	3800	-0.0485765	0.00819924
272	2900	-0.0513986	0.0072221
273	2400	-0.0512726	0.00814578
274	3200	-0.0492263	0.0135162
275	2700	-0.0480562	0.0075834
276	2600	-0.0470497	0.012374
277	2200	-0.0484634	0.00971076
278	1700	-0.0478665	0.00878963
279	2700	-0.0482939	0.00876165
280	3600	-0.0456715	0.00762806
281	2700	-0.0490257	0.00798443
282	2400	-0.0443457	0.00908452
283	2200	-0.0524223	0.00831756
284	1200	-0.0459364	0.00886845
285	2100	-0.0456168	0.00846649
286	2500	-0.0510792	0.00832268
287	3400	-0.0464878	0.00895538
288	3400	-0.0494172	0.00730154
289	3400	-0.0468268	0.00660685
290	3500	-0.0424958	0.024381
291	2400	-0.0435443	0.00793569
292	3800	-0.0457174	0.0122875
293	3600	-0.0457973	0.0101907
294	2700	-0.0428931	0.00903713
295	2500	-0.0449929	0.00992243
296	2600	-0.0401343	0.00923931
297	2200	-0.044259	0.00638303
298	1700	-0.0363563	0.00677284
299	2000	-0.0404108	0.0071143
300	2700	-0.0391964	0.0487564
301	2300	-0.0411956	0.0063617
302	2800	-0.0440006	0.00518239
303	1800	-0.0446535	0.0355407
304	1800	-0.0403559	0.00667532
305	1900	-0.0439439	0.00847688
306	1800	-0.0455805	0.00697532
307	1600	-0.03953	0.00498992
308	2300	-0.0419206	0.00493753
309	2100	-0.0432769	0.00630474
310	2400	-0.0374679	0.00585258
311	2600	-0.0399992	0.00563475
312	2600	-0.0448116	0.00623664
313	2100	-0.0391138	0.0118383
314	2300	-0.0388354	0.00774351
315	1800	-0.0359375	0.0057444
316	2000	-0.0432357	0.0065252
317	1400	-0.0439008	0.00489345
318	1300	-0.0416175	0.00439033
319	1900	-0.0406985	0.00720269
320	2000	-0.0396566	0.00580295
321	1600	-0.037732	0.00475178
322	1400	-0.0354493	0.00628009
323	1700	-0.0375198	0.00471124
324	2000	-0.0411046	0.00592818
325	1400	-0.0422202	0.00525957
326	1900	-0.040512	0.00474613
327	1500	-0.0305986	0.00872866
328	2400	-0.0395474	0.00872046
329	2200	-0.0392873	0.00549707
330	1900	-0.0387185	0.00602191
331	1900	-0.0382765	0.00583724
332	1900	-0.0400876	0.00522549
333	1700	-0.0394538	0.00613852
334	1600	-0.037794	0.00527257
335	1600	-0.0416373	0.0060477
336	2100	-0.0349149	0.00667947
337	2600	-0.0389344	0.00686697
338	2500	-0.0416694	0.00593928
339	1900	-0.0425765	0.00539733
340	1900	-0.0384834	0.00590088
341	1200	-0.0382413	0.0108916
342	2100	-0.0387764	0.00882711
343	1500	-0.0406778	0.00429748
344	1800	-0.0397312	0.00607016
345	1300	-0.0450195	0.00511173
346	2300	-0.0363952	0.00648994
347	2500	-0.0370515	0.00987519
348	1300	-0.0370003	0.00496774
349	2200	-0.0389256	0.00506086
350	2300	-0.0406199	0.00518814
351	1200	-0.0347972	0.00708998
352	2500	-0.0367319	0.00878671
353	1300	-0.0368345	0.00439282
354	1300	-0.0440373	0.00533928
355	2000	-0.0419453	0.00421307
356	2100	-0.0345471	0.00478732
357	2500	-0.0371438	0.00421487
358	2000	-0.0371426	0.00599448
359	1800	-0.0372587	0.00483726
360	2400	-0.0371567	0.00489568
361	1800	-0.0352234	0.00418692
362	2500	-0.0382799	0.0037431
363	2600	-0.0350649	0.00419724
364	2000	-0.0357005	0.00620911
365	1500	-0.0399063	0.00444704
366	2300	-0.0345192	0.00505727
367	1700	-0.0358996	0.00392019
368	800	-0.040934	0.00425175
369	2100	-0.0367961	0.00396422
370	2400	-0.036335	0.00508495
371	2900	-0.0365785	0.00681388
372	1600	-0.033742	0.00559477
373	2000	-0.0354166	0.00484516
374	2500	-0.0376537	0.00506323
375	2700	-0.037973	0.0054952
376	1300	-0.0361431	0.0044794
377	2600	-0.0370345	0.00390373
378	3300	-0.0361737	0.00532714
379	1900	-0.0367977	0.00461788
380	2500	-0.0368617	0.00391515
381	3700	-0.0335469	0.0047527
382	2600	-0.0317601	0.00418958
383	3400	-0.0356086	0.00620354
384	2400	-0.0365684	0.00471513
385	2400	-0.0360988	0.00631433
386	2300	-0.0368023	0.00463176
387	3200	-0.0341213	0.00342458
388	2400	-0.0355441	0.00466327
389	2300	-0.0344233	0.00454156
390	3000	-0.034757	0.00490141
391	3900	-0.035005	0.00644522
392	3400	-0.0332379	0.00406628
393	4300	-0.0353771	0.00481855
394	4100	-0.0335606	0.00512026
395	3200	-0.0343263	0.00381373
396	4300	-0.0335171	0.00408844
397	3800	-0.033316	0.00420256
398	3900	-0.0355335	0.00376009
399	3000	-0.0338102	0.00328759
400	3300	-0.0333453	0.00516315
401	3700	-0.0331588	0.00488296
402	4100	-0.0331012	0.00495206
403	3900	-0.0342314	0.00381305
404	3500	-0.0345562	0.00366691
405	4100	-0.0351227	0.00412585
406	2900	-0.0340404	0.00404907
407	4400	-0.0308457	0.00589094
408	4200	-0.0328973	0.00464904
409	3600	-0.0335729	0.00374038
410	5200	-0.0315059	0.00616292
411	3400	-0.0348184	0.0033955
412	3400	-0.0304536	0.0181334
413	3700	-0.0314027	0.00674566
414	4700	-0.0334231	0.00402588
415	2100	-0.0306619	0.00487466
416	4800	-0.0319681	0.00431283
417	5000	-0.0314828	0.00428398
418	4000	-0.031271	0.00453057
419	3600	-0.0299751	0.00352633
420	3800	-0.0321985	0.00437656
421	4400	-0.03232	0.00318822
422	3300	-0.0318695	0.00419214
423	4100	-0.0322457	0.00458322
424	3700	-0.0322938	0.00387759
425	4100	-0.0306181	0.00484974
426	4400	-0.0311777	0.00552369
427	3200	-0.032709	0.00332656
428	3500	-0.0327969	0.00349849
429	3200	-0.0311545	0.00388401
430	4800	-0.0315748	0.00353758
431	4700	-0.0315859	0.0122558
432	4000	-0.0326223	0.00335846
433	4500	-0.0282586	0.00409269
434	3400	-0.0297423	0.00411251
435	3900	-0.0316607	0.00289832
436	3700	-0.0312903	0.00332311
437	3200	-0.0316565	0.00326107
438	3300	-0.0309883	0.00433848
439	4900	-0.0305817	0.00585732
440	4600	-0.0289607	0.00729424
441	3700	-0.0308507	0.0031507
442	3700	-0.0304029	0.00353436
443	4400	-0.0316583	0.00381891
444	4200	-0.0306932	0.00381468
445	2500	-0.03146	0.00301461
446	2300	-0.0319031	0.0031959
447	3300	-0.0284759	0.00535205
448	3400	-0.0289629	0.00393791
449	4100	-0.0301604	0.00373517
450	3200	-0.0285797	0.00412456
451	2600	-0.0290229	0.00351418
452	3400	-0.0300171	0.00442412
453	2100	-0.0284902	0.00369014
454	3600	-0.0292701	0.00390308
455	3100	-0.028661	0.0033908
456	2600	-0.0285869	0.00404252
457	2300	-0.0296205	0.00282031
458	3200	-0.030121	0.00378524
459	3300	-0.0284564	0.00355763
460	2500	-0.0295305	0.00300319
461	2300	-0.0318257	0.00275895
462	3100	-0.0285173	0.00256219
463	2800	-0.0285501	0.00286818
464	2700	-0.0264232	0.00449898
465	2200	-0.0258622	0.00411854
466	1800	-0.0296069	0.00299246
467	1700	-0.03012	0.00318382
468	3100	-0.0276608	0.00315481
469	2900	-0.0272191	0.00309639
470	2600	-0.0273429	0.00234426
471	1600	-0.0265273	0.00236606
472	2200	-0.0258353	0.00434256
473	2300	-0.0251911	0.00386562
474	2100	-0.023025	0.00473055
475	2300	-0.0255918	0.00305403
476	2700	-0.0249818	0.00243074
477	1900	-0.0277655	0.00277972
478	2200	-0.0245435	0.0031434
479	2200	-0.0270559	0.00276312
480	1400	-0.0213711	0.00226597
481	2400	-0.019887	0.00251984
482	2200	-0.0273819	0.00203623
483	1200	-0.026501	0.00218871
484	1400	-0.0246739	0.00187215
485	1200	-0.0242156	0.00290052
486	1300	-0.0238301	0.00333006
487	1100	-0.0216825	0.00260287
488	900	-0.0247297	0.00373429
489	1300	-0.0211014	0.00231641
490	1300	-0.0267703	0.00415272
491	2000	-0.022069	0.0031253
492	1700	-0.0220991	0.00245106
493	1200	-0.0251022	0.00222128
494	1600	-0.0229149	0.00212355
495	1000	-0.0217264	0.0026436
496	1200	-0.0224391	0.00260024
497	900	-0.0227661	0.00226574
498	600	-0.0128339	0.00343189
499	1800	-0.0262554	0.00244642
500	900	-0.0214783	0.00616122
501	1000	-0.0224303	0.00218424
502	1500	-0.0235903	0.00241661
503	500	-0.0213252	0.00510247
504	1100	-0.0242223	0.00327581
505	1000	-0.0151588	0.00180665
506	1300	-0.0222211	0.00244594
507	1100	-0.018332	0.00207722
508	900	-0.0240926	0.00257627
509	500	-0.0204899	0.00163711
510	900	-0.0222655	0.00334584
511	1400	-0.0255426	0.00304117
512	1100	-0.026423	0.00222701
513	700	-0.0227335	0.0021502
514	1100	-0.0270072	0.00380692
515	600	-0.0210406	0.00197551
516	800	-0.0230586	0.00393502
517	800	-0.021857	0.00153081
518	1300	-0.0221721	0.00259768
519	500	-0.0188714	0.00156452
520	600	-0.0241444	0.00149341
521	1000	-0.0182922	0.00161735
522	700	-0.0195243	0.0022627
523	600	-0.0111212	0.00113824
524	900	-0.0240202	0.00255836
525	1600	-0.0209769	0.00263937
526	800	-0.0252602	0.00205402
527	600	-0.026723	0.00179809
528	800	-0.024142	0.00219796
529	800	-0.0219202	0.00282795
530	1200	-0.0264189	0.00224028
531	700	-0.018238	0.0016832
532	1300	-0.0233139	0.00235548
533	1200	-0.021936	0.0019716
534	600	-0.02194	0.00344167
535	900	-0.0229376	0.00186577
536	600	-0.0245592	0.00215102
537	600	-0.021064	0.00220075
538	700	-0.0208014	0.00179179
539	1100	-0.02024	0.00159302
540	700	-0.0256998	0.00200631
541	800	-0.0200772	0.00362599
542	800	-0.0191527	0.00173685
543	900	-0.0270149	0.0020286
544	700	-0.0245869	0.00375442
545	900	-0.0222633	0.00243889
546	600	-0.0224032	0.00227913
547	300	-0.0270855	0.00197856
548	300	-0.0230077	0.00217523
549	800	-0.0245762	0.0027466
550	1000	-0.0212352	0.00234277
551	300	-0.0225795	0.00167905
552	400	-0.0123539	0.0921107
553	700	-0.0244117	0.00180411
554	500	-0.0258438	0.00159116
555	800	-0.0211484	0.00198773
556	600	-0.0209534	0.00178653
557	1000	-0.023192	0.00182858
558	700	-0.0233698	0.00152363
559	600	-0.0156624	0.00197106
560	800	-0.0235619	0.00216833
561	800	-0.0176745	0.00183869
562	600	-0.0247678	0.00190929
563	900	-0.0183101	0.00189687
564	1200	-0.0207541	0.00364898
565	1000	-0.0227248	0.00185402
566	800	-0.0197354	0.00201851
567	900	-0.0241381	0.00254812
568	500	-0.023759	0.00220549
569	600	-0.0220832	0.00156245
570	500	-0.0237654	0.0015327
571	1200	-0.0238853	0.00191721
572	1200	-0.0206122	0.00149071
573	1300	-0.0231014	0.00203452
574	600	-0.0244531	0.00159616
575	400	-0.0244807	0.00154949
576	700	-0.0197139	0.00208449
577	400	-0.0246899	0.0031083
578	900	-0.0192046	0.00288805
579	500	-0.0205496	0.00207281
580	600	-0.0206956	0.00157096
581	1200	-0.0194556	0.00158618
582	1100	-0.0213964	0.00143012
583	800	-0.0173424	0.00243356
584	1100	-0.0197874	0.00354259
585	800	-0.0178309	0.00146305
586	1000	-0.0189487	0.00230228
587	700	-0.0225957	0.00180803
588	900	-0.019976	0.00246694
589	1100	-0.0176416	0.00225702
590	1100	-0.0180021	0.00345636
591	800	-0.0192454	0.00180928
592	1000	-0.0199926	0.00158419
593	1200	-0.0178682	0.00211249
594	1100	-0.0205681	0.00167953
595	1000	-0.0233754	0.00187349
596	700	-0.0232286	0.00255057
597	900	-0.0211679	0.0014927
598	1300	-0.0216259	0.00163988
599	800	-0.0214742	0.00172132
600	1200	-0.0201849	0.00143807
601	900	-0.0201568	0.00310851
602	400	-0.0193754	0.00130242
603	1400	-0.0174699	0.00141836
604	500	-0.0150038	0.00482239
605	700	-0.0192549	0.00221222
606	800	-0.0193439	0.00155768
607	700	-0.0174176	0.00237358
608	800	-0.017606	0.00335777
609	400	-0.0185847	0.00173665
610	900	-0.0240526	0.00158413
611	500	-0.0176854	0.00211012
612	400	-0.0196411	0.00146579
613	400	-0.0152497	0.00404679
614	800	-0.0204096	0.00204269
615	1000	-0.0159999	0.00279764
616	200	-0.0123813	0.00126324
617	400	-0.0211718	0.00172192
618	1100	-0.0188801	0.00179737
619	400	-0.0144407	0.000871379
620	700	-0.0200698	0.00182719
621	500	-0.0151184	0.00140824
622	700	-0.0243256	0.00139751
623	800	-0.0164283	0.00114269
624	600	-0.0136954	0.00238729
625	400	-0.0137441	0.00166802
626	600	-0.0149861	0.0018299
627	1100	-0.0185755	0.00162253
628	500	-0.0194589	0.00314644
629	800	-0.0190758	0.00121607
630	600	-0.0202061	0.0014222
631	800	-0.0163804	0.00115313
632	600	-0.0151996	0.00539782
633	1400	-0.0195738	0.00140739
634	1000	-0.0142558	0.00170481
635	700	-0.0195412	0.00139168
636	700	-0.016959	0.00225657
637	500	-0.0157822	0.00115922
638	800	-0.0156862	0.00217483
639	200	-0.0228102	0.00118665
640	600	-0.0200706	0.00206006
641	600	-0.0131661	0.0012606
642	1000	-0.0165334	0.00111898
643	200	-0.0166674	0.0028515
644	400	-0.0177719	0.00114037
645	700	-0.0158275	0.00165371
646	1100	-0.017842	0.00202272
647	700	-0.0201659	0.00129222
648	400	-0.019256	0.00146291
649	300	-0.0155062	0.00157206
650	700	-0.0183957	0.00104151
651	400	-0.0209143	0.00163404
652	900	-0.0155763	0.00157075
653	700	-0.0157247	0.00124006
654	1000	-0.0183412	0.00178571
655	200	-0.0159073	0.00100722
656	400	-0.0163021	0.00115316
657	1000	-0.0191814	0.00190722
658	700	-0.0173451	0.00157654
659	800	-0.017923	0.00227889
660	500	-0.0196754	0.00140726
661	900	-0.0193565	0.0020493
662	800	-0.0185499	0.00143608
663	1100	-0.0169027	0.00134643
664	1000	-0.0191379	0.00134562
665	800	-0.0187396	0.00119614
666	900	-0.0177486	0.00112589
667	600	-0.0202405	0.00127557
668	1300	-0.017648	0.00169338
669	800	-0.015735	0.00238227
670	200	-0.0155487	0.00191417
671	1300	-0.0170804	0.00137732
672	1300	-0.0185565	0.00142949
673	600	-0.0207754	0.00137148
674	800	-0.0197062	0.00138459
675	1600	-0.0167873	0.00127917
676	900	-0.0175166	0.00270289
677	800	-0.0168178	0.00134705
678	800	-0.0189062	0.00191115
679	700	-0.0177286	0.0014067
680	600	-0.0179574	0.0013937
681	900	-0.016428	0.00114629
682	1500	-0.0164112	0.00104447
683	1300	-0.0174659	0.00152196
684	1000	-0.0173597	0.00116852
685	400	-0.0141562	0.00096204
686	500	-0.0173139	0.00311478
687	800	-0.0125569	0.00690698
688	700	-0.0177577	0.00125645
689	800	-0.0182901	0.00144627
690	900	-0.0191718	0.00120109
691	1600	-0.0175529	0.00161167
692	700	-0.0175684	0.000981769
693	500	-0.0188075	0.00122357
694	700	-0.0202004	0.00150028
695	1300	-0.016991	0.00128537
696	1800	-0.0157354	0.00178153
697	1200	-0.0178214	0.00152847
698	500	-0.019291	0.00112715
699	600	-0.0154351	0.00110761
700	1300	-0.0167013	0.00140288
701	1500	-0.0177111	0.00158258
702	600	-0.0161884	0.00150299
703	1100	-0.0181076	0.00126241
704	1100	-0.0178207	0.00139861
705	700	-0.0194688	0.00119494
706	1000	-0.0189524	0.00130431
707	800	-0.0157167	0.00164045
708	1400	-0.0194083	0.00160995
709	1000	-0.0144569	0.00113903
710	1300	-0.0173192	0.001264
711	700	-0.0193582	0.00104707
712	900	-0.0160537	0.000939577
713	1200	-0.0178601	0.00185432
714	1200	-0.0159791	0.00104784
715	800	-0.0195827	0.00118194
716	1300	-0.0176559	0.0012005
717	1000	-0.0176064	0.00114325
718	1000	-0.0188698	0.00128651
719	1400	-0.017764	0.00127177
720	1000	-0.0151578	0.00101797
721	700	-0.0186131	0.0016334
722	500	-0.0161906	0.000919134
723	1100	-0.0166825	0.00145349
724	1600	-0.0140883	0.00195149
725	1500	-0.016726	0.00109813
726	900	-0.0144512	0.000895277
727	1100	-0.0164585	0.00130938
728	500	-0.0169516	0.00104696
729	1000	-0.0154355	0.00154479
730	1100	-0.0149708	0.00112693
731	1200	-0.0160045	0.00120282
732	600	-0.0154937	0.00173812
733	700	-0.014776	0.0018835
734	1600	-0.016381	0.00140587
735	800	-0.0190508	0.00112006
736	600	-0.0173923	0.00104208
737	300	-0.0119124	0.000694084
738	500	-0.0125595	0.000952435
739	900	-0.0155641	0.00100565
740	1300	-0.012756	0.0018086
741	800	-0.0127179	0.00143269
742	800	-0.0192385	0.00123498
743	600	-0.0143402	0.00113311
744	900	-0.0163982	0.00134225
745	700	-0.0138361	0.00170659
746	900	-0.0151671	0.00402069
747	1000	-0.0141398	0.00117644
748	400	-0.0130696	0.000836641
749	400	-0.017326	0.00126974
750	900	-0.0160144	0.00103159
751	1300	-0.0134724	0.00160203
752	1000	-0.0160413	0.00178402
753	400	-0.0160703	0.0013102
754	1000	-0.0144481	0.00251565
755	600	-0.0154277	0.00151597
756	600	-0.0162261	0.0026788
757	1100	-0.0163977	0.0012086
758	1400	-0.0129827	0.00200019
759	1200	-0.0174257	0.00121607
760	600	-0.0181608	0.0017072
761	500	-0.0140692	0.000875094
762	1000	-0.0145654	0.00176452
763	700	-0.0179532	0.00094605
764	700	-0.01489	0.00141816
765	700	-0.0171412	0.00140391
766	400	-0.0130521	0.00118904
767	1100	-0.0149757	0.00118882
768	300	-0.0125456	0.000951973
769	400	-0.015292	0.00129132
770	1200	-0.0162575	0.00146821
771	600	-0.0168003	0.00111369
772	600	-0.0151783	0.00173502
773	700	-0.0140148	0.00104977
774	500	-0.0157771	0.00238534
775	500	-0.0171349	0.00118256
776	600	-0.0110161	0.00109708
777	700	-0.0190987	0.00110133
778	900	-0.0147201	0.00121108
779	700	-0.0155475	0.00162373
780	1000	-0.0121205	0.00159123
781	500	-0.0103238	0.000768555
782	300	-0.0177348	0.00124587
783	1100	-0.012707	0.000993365
784	500	-0.0142892	0.000925415
785	600	-0.0144246	0.00141333
786	900	-0.0163745	0.00137188
787	1200	-0.0129915	0.0011727
788	600	-0.0144601	0.00142993
789	500	-0.0159924	0.00107626
790	400	-0.0165815	0.000962889
791	1000	-0.0159638	0.00102179
792	700	-0.0145652	0.0010339
793	500	-0.0150805	0.00088753
794	600	-0.0157577	0.00100009
795	400	-0.0168402	0.000767842
796	900	-0.011563	0.00126463
797	800	-0.0146487	0.00136122
798	300	-0.0150858	0.00089147
799	600	-0.0170498	0.00131498
800	900	-0.0160967	0.00110314
801	500	-0.0158658	0.00110044
802	500	-0.0152199	0.00130939
803	400	-0.0139672	0.000971383
804	700	-0.0176459	0.000864406
805	400	-0.0136779	0.001539
806	600	-0.00761124	0.000715768
807	1200	-0.0149432	0.00110456
808	400	-0.0135283	0.000933101
809	800	-0.0160542	0.000947172
810	1200	-0.0134971	0.00109819
811	700	-0.0156389	0.00109568
812	600	-0.0178573	0.000944442
813	600	-0.0126921	0.00204352
814	600	-0.0133833	0.00167137
815	500	-0.0160357	0.00105909
816	400	-0.0113378	0.00101175
818	400	-0.0108533	0.00156755
819	400	-0.0138646	0.00131645
820	600	-0.0148045	0.000772276
821	800	-0.0131708	0.00103514
822	600	-0.0134936	0.00123016
823	400	-0.0154934	0.000896649
824	500	-0.0145754	0.00178905
825	300	-0.0149817	0.000721496
826	300	-0.0108755	0.00062563
827	600	-0.0158823	0.00115127
828	900	-0.0142094	0.000835296
829	900	-0.0154864	0.00086773
830	800	-0.0152472	0.00182761
831	500	-0.0134469	0.00139352
832	300	-0.0126908	0.00294653
833	200	-0.0161054	0.00105222
834	100	-0.0115942	0.000991588
835	500	-0.0152353	0.00105406
836	700	-0.0102443	0.00599232
837	500	-0.00877018	0.00261352
838	200	-0.0181586	0.00100805
839	700	-0.0148533	0.000922399
840	400	-0.0113947	0.00094131
841	300	-0.016363	0.000742071
842	700	-0.0150398	0.0008383
843	400	-0.0140113	0.000900495
844	600	-0.0115463	0.00241053
845	800	-0.0129801	0.00186457
846	700	-0.0116129	0.00107725
847	300	-0.0115635	0.00079185
848	300	-0.0103389	0.00216594
849	600	-0.0133143	0.000833993
850	300	-0.00953751	0.00278579
851	400	-0.0118234	0.00128032
852	400	-0.00867901	0.00094272
853	600	-0.0116862	0.00107323
854	400	-0.0132259	0.0018728
855	600	-0.015125	0.00117281
856	200	-0.0146483	0.000851612
857	100	-0.0107633	0.00124749
858	400	-0.0154483	0.000802133
859	700	-0.00941771	0.00145317
860	200	-0.0117914	0.00188915
861	300	-0.0137856	0.000972717
862	300	-0.0125273	0.000739506
863	600	-0.0130992	0.00110043
864	300	-0.0133348	0.0021426
865	400	-0.0143719	0.0013636
866	100	-0.00565098	0.00045254
867	600	-0.0113599	0.00219174
868	300	-0.00964023	0.000799505
869	200	-0.0155828	0.000736854
870	500	-0.0103552	0.00118734
871	100	-0.0137498	0.000825446
872	300	-0.0124654	0.00170421
873	400	-0.0155322	0.000763405
874	400	-0.0149024	0.000734621
875	400	-0.0115605	0.000710308
876	600	-0.0151386	0.000850233
877	600	-0.0135372	0.000770543
878	600	-0.0130951	0.000798819
879	400	-0.0111302	0.000913054
880	400	-0.010871	0.000780586
881	400	-0.0122586	0.00105163
882	400	-0.0111854	0.000743305
883	500	-0.0111026	0.000671584
884	500	-0.0118248	0.000747182
885	500	-0.00953637	0.00301515
886	500	-0.0126781	0.000831801
887	600	-0.00948441	0.000664124
888	800	-0.011239	0.000807651
889	300	-0.0140317	0.000698631
890	300	-0.00991836	0.00151558
891	400	-0.0146613	0.00103567
892	500	-0.00931242	0.00247354
893	300	-0.00846491	0.00149321
894	400	-0.00862315	0.00076251
895	100	-0.011613	0.00103504
896	300	-0.00971772	0.000640047
897	600	-0.0140613	0.000724929
898	300	-0.0124244	0.00104675
899	700	-0.0112044	0.00110312
900	500	-0.00715804	0.00170082
901	700	-0.0121364	0.00107427
902	800	-0.00874884	0.000992129
903	700	-0.011173	0.000613694
904	600	-0.0105561	0.000894403
905	700	-0.0118419	0.00100093
906	700	-0.0130764	0.00103373
907	300	-0.0136602	0.000803849
908	900	-0.010419	0.000862366
909	700	-0.013941	0.000806263
910	300	-0.00750303	0.000732994
911	500	-0.0131175	0.000701212
912	1000	-0.00996742	0.00154698
913	500	-0.0094885	0.00106218
914	600	-0.01246	0.00105167
915	100	-0.0126232	0.00062414
916	600	-0.0147099	0.000840573
917	1000	-0.0116434	0.000744084
918	700	-0.0103225	0.000788436
919	500	-0.0133546	0.000859332
920	600	-0.00846852	0.000986822
921	600	-0.0127437	0.00089696
922	500	-0.0124348	0.00108038
923	900	-0.0131623	0.000778254
924	400	-0.0128687	0.00074358
925	400	-0.0109985	0.000620301
926	700	-0.0107418	0.00111023
927	500	-0.0133781	0.000797989
928	400	-0.0127363	0.000639488
929	500	-0.011524	0.0008904
930	800	-0.013556	0.000672245
931	700	-0.0145108	0.000909372
932	100	-0.0132728	0.000763056
933	500	-0.0102016	0.000774267
934	500	-0.0116428	0.000691757
935	600	-0.0102886	0.000946145
936	100	-0.012384	0.00102639
937	1100	-0.0124708	0.00114453
938	600	-0.0148544	0.000737373
939	900	-0.0120284	0.00065971
940	900	-0.0116235	0.00067261
941	700	-0.0140815	0.000814962
942	600	-0.00988157	0.00111493
943	600	-0.0117119	0.000706845
944	1100	-0.0122558	0.0012094
945	900	-0.0137395	0.000817191
946	200	-0.00987156	0.00058179
947	700	-0.0104432	0.00143977
948	900	-0.00929845	0.000918179
949	300	-0.00915919	0.00111648
950	800	-0.0107769	0.000933111
951	400	-0.0117577	0.000685469
952	500	-0.0137421	0.00100073
953	300	-0.0131581	0.000901631
954	700	-0.0112224	0.000722796
955	600	-0.00746411	0.000841349
956	400	-0.010476	0.000829754
957	900	-0.00919667	0.000978056
958	500	-0.00939935	0.000791087
959	400	-0.0119864	0.000527154
960	600	-0.0109417	0.000818403
961	500	-0.0131656	0.00071626
962	300	-0.00967582	0.000586521
963	500	-0.0115001	0.00128766
964	200	-0.0138289	0.000768482
965	400	-0.0119978	0.000923816
966	300	-0.0122375	0.000691007
967	500	-0.0116263	0.000701558
968	700	-0.00900613	0.000942582
969	300	-0.0148401	0.00102251
970	500	-0.00727809	0.000892388
971	300	-0.00625309	0.00158536
972	500	-0.0118552	0.00066601
973	300	-0.0091492	0.000995025
974	700	-0.0103864	0.000651871
975	1100	-0.00965868	0.000962972
976	600	-0.0117544	0.000810266
977	600	-0.0103004	0.000766954
978	300	-0.0120391	0.000624141
979	300	-0.00762258	0.000607082
980	600	-0.0102102	0.00132132
981	200	-0.00852622	0.00102683
982	500	-0.0107333	0.00070991
983	700	-0.0124048	0.000678683
984	200	-0.0101248	0.000833382
985	400	-0.0103807	0.00153122
986	300	-0.00533263	0.000500948
987	500	-0.00703895	0.000635945
988	600	-0.0105345	0.000648203
989	200	-0.00718963	0.00265846
990	200	0.00131976	0.000445182
991	400	-0.00725325	0.00051725
992	100	-0.0083914	0.00102999
993	700	-0.00597758	0.00048796
994	600	-0.0105254	0.000936478
995	400	-0.00798158	0.00065371
996	200	-0.00600165	0.000703298
997	200	-0.00923513	0.000875842
998	300	-0.00811519	0.000949337
999	400	-0.00705882	0.000989509
1000	600	-0.00688644	0.00069987
1001	700	-0.00632916	0.00117101
1002	200	-0.00680247	0.000545863
1003	600	-0.00480482	0.00101429
1004	800	-0.0125558	0.000727158
1005	400	-0.0139157	0.000838852
1006	600	-0.0102694	0.000655749
1007	200	-0.0121755	0.000747016
1008	400	-0.00890327	0.000728935
1009	100	-0.010907	0.000554119
1010	700	-0.00479533	0.000762684
1011	500	-0.0103008	0.000777206
1012	500	-0.00711299	0.000696032
1013	700	-0.00357539	0.000429491
1014	300	-0.0109501	0.000689233
1015	300	-0.00840819	0.000585324
1016	400	-0.0107997	0.00110096
1017	300	-0.0118942	0.000712344
1018	200	-0.0110434	0.00111145
1019	400	-0.00445795	0.000524787
1020	300	-0.00755748	0.000690583
1021	800	-0.00806897	0.00099678
1022	400	-0.0068901	0.000542723
1023	600	-0.00828983	0.000575963
1024	200	-0.00278828	0.000359867
1025	700	-0.00816571	0.000579324
1026	400	-0.00204097	0.00161188
1027	600	-0.0065802	0.00095059
1028	400	-0.00791937	0.000807852
1029	600	-0.0111672	0.000763825
1030	900	-0.012996	0.000866669
1031	800	-0.00780396	0.000588916
1032	500	-0.0102438	0.000670111
1033	600	-0.00999577	0.000610904
1034	700	-0.0103135	0.000617803
1035	400	-0.00658806	0.000558642
1036	500	-0.00523188	0.000566615
1037	300	-0.00721172	0.000915226
1038	200	-0.00981001	0.000601942
1039	600	-0.0110908	0.000674058
1040	400	-0.00831472	0.000619741
1041	200	-0.00612972	0.000500991
1042	300	-0.0101858	0.000936315
1043	200	-0.0124549	0.000571095
1044	600	-0.0117073	0.000973758
1045	200	-0.00743194	0.00057849
1046	300	-0.0103899	0.000676543
1047	400	-0.0100236	0.000731184
1048	900	-0.00722164	0.00064669
1049	400	-0.0101457	0.000699628
1050	400	-0.00750899	0.00049802
1051	600	-0.0117845	0.000658194
1052	200	-0.0099197	0.00055335
1053	600	-0.00780713	0.000666531
1054	200	-0.00747803	0.000623407
1055	300	-0.00760549	0.000815561
1056	700	-0.00762338	0.000611123
1057	700	-0.0087409	0.000658041
1058	100	-0.0104069	0.000635411
1059	400	-0.0123644	0.00067411
1060	600	-0.00985767	0.000678728
1061	600	-0.00767491	0.000679318
1062	600	-0.0104182	0.000930549
1063	200	-0.00926418	0.000609364
1064	200	-0.00617242	0.000586447
1065	400	-0.0106604	0.000596782
1066	600	-0.00833897	0.00518748
1067	300	-0.00916056	0.000929946
1068	500	-0.00977366	0.000634602
1069	100	-0.00636542	0.000613972
1070	400	-0.00754312	0.000562571
1071	400	-0.00915891	0.000655077
1072	100	-0.00950251	0.000586504
1073	500	-0.00946887	0.00107299
1074	300	-0.00958525	0.000665822
1075	300	-0.0108357	0.000921646
1076	200	-0.0108669	0.000608315
1077	500	-0.00967506	0.000565062
1078	300	-0.0144397	0.0006286
1079	200	-0.0135607	0.00051958
1080	500	-0.0104634	0.000763792
1081	700	-0.00862346	0.000742222
1082	600	-0.00837605	0.000532532
1083	400	-0.0113957	0.000591599
1084	200	-0.0108128	0.000567203
1085	200	-0.00900875	0.000547148
1086	100	-0.0104867	0.00052508
1087	500	-0.0117858	0.000626255
1088	500	-0.00824114	0.000550045
1089	500	-0.00893635	0.00073599
1090	100	-0.0079753	0.00103082
1091	600	-0.00888582	0.00129394
1092	200	-0.00716599	0.000587163
1093	700	-0.0083814	0.00107084
1094	400	-0.00358998	0.000534156
1095	400	-0.00541386	0.0010792
1096	100	-0.00332741	0.000380723
1097	700	-0.00928803	0.00058268
1098	700	-0.00733838	0.0010701
1099	600	-0.00822885	0.000551613
1100	400	-0.0100498	0.000564461
1101	500	-0.00853307	0.000619597
1102	600	-0.0100134	0.00072951
1103	400	-0.00959368	0.00102611
1104	300	-0.00983387	0.000574635
1105	600	-0.00962918	0.000750925
1106	200	-0.00768317	0.0004341
1107	400	-0.00738767	0.00104642
1108	400	-0.00956541	0.000651724
1109	500	-0.00758903	0.0014024
1111	500	-0.00393771	0.000525839
1112	100	-0.00983221	0.000548251
1113	200	-0.00884357	0.000762015
1114	200	-0.0117138	0.000552058
1115	400	-0.010016	0.00063105
1116	400	-0.00786523	0.000649523
1117	400	-0.0109954	0.000753265
1118	500	-0.0118948	0.000749601
1119	400	-0.00987582	0.000851251
1120	600	-0.00770341	0.000845129
1121	300	-0.00927326	0.00141535
1122	600	-0.0076963	0.00126961
1124	600	-0.0106248	0.000669182
1125	600	-0.00779045	0.000600727
1126	400	-0.0106341	0.000590084
1127	500	-0.00786558	0.000628811
1128	600	-0.0124755	0.000646111
1129	300	-0.00615073	0.000499876
1130	500	-0.0103023	0.000716857
1131	800	-0.00854908	0.00062497
1132	500	-0.00977376	0.000701436
1133	500	-0.0110868	0.000620089
1134	600	-0.00926446	0.000654514
1135	400	-0.00978229	0.000696902
1136	400	-0.00710368	0.00112176
1137	600	-0.00960568	0.000564848
1138	600	-0.00761262	0.00087234
1139	400	-0.00689473	0.000467604
1140	600	-0.0106017	0.000601834
1141	300	-0.010576	0.00102677
1142	400	-0.00893379	0.000843914
1143	600	-0.008645	0.000715209
1144	400	-0.0112811	0.000608396
1145	300	-0.00982394	0.000488863
1146	400	-0.00889232	0.000654019
1147	400	-0.00983049	0.000584346
1148	700	-0.00901024	0.000674451
1149	900	-0.00898541	0.000657411
1150	900	-0.00936243	0.000682204
1151	400	-0.00802191	0.000625093
1152	400	-0.00824615	0.000575884
1153	500	-0.0102102	0.00087958
1154	700	-0.00968707	0.000663524
1155	300	-0.00894746	0.000751535
1156	200	-0.00678027	0.000871064
1157	600	-0.00987311	0.000659652
1158	400	-0.0104567	0.000620559
1159	800	-0.00687897	0.000558165
1160	100	-0.0104957	0.00094929
1161	100	-0.00677122	0.00153404
1162	500	-0.00765712	0.000692007
1163	200	-0.00679826	0.000768838
1164	600	-0.0102995	0.000720512
1165	700	-0.00928466	0.000765889
1166	600	-0.00844628	0.000734926
1167	600	-0.00935064	0.000638822
1168	100	-0.00913081	0.000467153
1169	700	-0.0093242	0.000593478
1170	600	-0.00843347	0.000702465
1171	400	-0.0110779	0.000685846
1172	800	-0.00831439	0.000824997
1173	500	-0.00781699	0.00057173
1174	700	-0.00935603	0.000660135
1175	1000	-0.00839492	0.000661602
1176	300	-0.00944535	0.00148077
1177	300	-0.0100796	0.000572221
1178	500	-0.00726751	0.000816855
1179	100	-0.0113077	0.000435263
1180	500	-0.00916667	0.000556921
1181	1200	-0.00986026	0.000691028
1182	700	-0.00754605	0.00117693
1183	400	-0.0105109	0.000631329
1184	300	-0.0113148	0.000707954
1185	300	-0.0109048	0.000608808
1186	600	-0.00939741	0.000443035
1187	300	-0.0121151	0.000572064
1188	600	-0.00792261	0.000556808
1189	200	-0.0100544	0.000565209
1190	600	-0.00883239	0.000573452
1191	600	-0.00860029	0.000541797
1192	700	-0.0083129	0.000663038
1193	500	-0.00939044	0.000756042
1194	1000	-0.0102935	0.000659378
1195	800	-0.00868204	0.000623233
1196	600	-0.0101826	0.000702158
1197	1300	-0.00727735	0.00101519
1198	800	-0.00677564	0.000823223
1199	700	-0.00807654	0.000594056
1200	1000	-0.00786798	0.00102189
1201	600	-0.00859889	0.000537367
1202	100	-0.00541618	0.000721972
1203	900	-0.00838803	0.00089239
1204	700	-0.00967358	0.000635095
1205	500	-0.00798121	0.000504981
1206	400	-0.00853479	0.00147871
1207	500	-0.00904864	0.000639978
1208	600	-0.0110929	0.000591737
1209	300	-0.00844193	0.000609407
1210	500	-0.00889054	0.000691301
1211	800	-0.00957003	0.000632455
1212	200	-0.00845731	0.000528338
1213	500	-0.00845039	0.000633519
1214	700	-0.00746331	0.00113221
1215	100	-0.00905238	0.000633952
1216	500	-0.00918214	0.000636447
1217	300	-0.00992651	0.00049206
1218	200	-0.0072001	0.0004686
1219	400	-0.00728861	0.000767515
1220	600	-0.00816733	0.000532238
1221	400	-0.00917242	0.000599962
1222	100	-0.0102035	0.000668377
1223	600	-0.0088824	0.000739514
1224	600	-0.00735165	0.000558937
1225	400	-0.00793785	0.000501952
1226	500	-0.00905184	0.000725655
1227	500	-0.00980704	0.000521627
1228	500	-0.00744898	0.000714151
1229	300	-0.00663074	0.000488218
1230	700	-0.00966771	0.000887061
1231	400	-0.00875865	0.000891567
1232	400	-0.00840913	0.000738802
1233	300	-0.00994698	0.000536233
1234	500	-0.00705526	0.000564131
1235	800	-0.00846145	0.000923918
1236	200	-0.0040874	0.00162177
1237	600	-0.00842108	0.000644509
1238	500	-0.00739955	0.000942456
1239	300	-0.00650792	0.00252398
1240	600	-0.00787629	0.000549505
1241	600	-0.00813119	0.000702965
1242	400	-0.00794324	0.000586387
1243	200	-0.00582272	0.000419308
1244	600	-0.0100062	0.000603044
1245	800	-0.00830376	0.000559263
1246	600	-0.00822903	0.000508333
1247	900	-0.00843484	0.000745426
1248	500	-0.00930987	0.000885211
1249	400	-0.00855045	0.000797989
1250	400	-0.00689415	0.000620878
1251	700	-0.00644628	0.00067673
1252	300	-0.00985011	0.000513636
1253	1000	-0.00754078	0.000723561
1254	800	-0.00855964	0.000759763
1255	200	-0.00625516	0.00114925
1256	700	-0.00896243	0.000667429
1257	600	-0.00905283	0.000608495
1258	500	-0.00671126	0.000744896
1259	400	-0.00819399	0.000498915
1260	400	-0.00620179	0.000637994
1261	400	-0.00964658	0.000582839
1262	400	-0.00873541	0.000548311
1263	500	-0.00837689	0.000873459
1264	500	-0.00807771	0.000561332
1265	300	-0.00638219	0.000601858
1266	300	-0.00795572	0.00055555
1267	600	-0.00772469	0.00109408
1268	600	-0.00558527	0.00155642
1269	600	-0.00865812	0.000487169
1270	800	-0.00585198	0.00107885
1271	500	-0.0068666	0.00103723
1272	100	-0.00558973	0.000542018
1274	300	-0.00760157	0.000701597
1275	300	-0.00558013	0.000420362
1276	300	-0.00757724	0.000800723
1277	200	-0.00678409	0.000579624
1278	800	-0.00901535	0.000582293
1279	600	-0.00766268	0.000701235
1280	300	-0.0046211	0.000653227
1281	700	-0.00702393	0.000586199
1282	400	-0.00743325	0.000630213
1283	400	-0.00773699	0.000572676
1284	200	-0.0080454	0.000636119
1285	100	-0.00974257	0.00046314
1286	300	-0.00534112	0.00103387
1287	100	-0.007997	0.000682651
1288	200	-0.00818374	0.000627544
1289	200	-0.00784039	0.000637546
1290	500	-0.0105084	0.000545146
1291	300	-0.00724778	0.000657396
1292	300	-0.00792834	0.000663498
1293	300	-0.00797007	0.000613621
1294	200	-0.0046539	0.000525039
1295	500	-0.00803267	0.000484911
1296	600	-0.00656042	0.000566095
1297	200	-0.00562689	0.000599981
1298	200	-0.00772798	0.000458381
1299	300	-0.00814769	0.000543077
1300	900	-0.00697132	0.000594732
1301	200	-0.0113892	0.000529296
1302	600	-0.00598559	0.0021355
1303	500	-0.00935418	0.000585623
1304	200	-0.00280045	0.000390802
1305	200	-0.00789749	0.000462758
1306	300	-0.00842574	0.000487729
1307	500	-0.00651773	0.000822627
1308	500	-0.00963183	0.000579841
1309	400	-0.00650058	0.000774236
1310	300	-0.00686428	0.00049904
1311	500	-0.00958547	0.000577156
1312	200	-0.00898188	0.000712832
1313	400	-0.00932637	0.00122745
1314	200	-0.00783492	0.000573038
1315	300	-0.00712105	0.00053376
1317	500	-0.0095226	0.000562449
1318	400	-0.00767123	0.000542251
1319	100	-0.00755175	0.000587487
1320	300	-0.00694127	0.000429947
1321	300	-0.00702681	0.000666627
1322	300	-0.00875466	0.000443456
1323	400	-0.00845082	0.000562305
1325	800	-0.00772671	0.000502201
1326	200	-0.0078424	0.000575416
1327	200	-0.00488628	0.00182166
1328	600	-0.00653013	0.000559901
1329	300	-0.00718253	0.000540791
1330	500	-0.00708979	0.000598372
1331	300	-0.00795782	0.000793132
1333	200	-0.00908982	0.000579563
1334	100	-0.0109586	0.000632859
1335	500	-0.00710125	0.000450316
1336	400	-0.00716759	0.000722234
1337	800	-0.00631712	0.000538423
1338	200	-0.00784211	0.000513575
1339	500	-0.0042351	0.00105771
1340	300	-0.0079019	0.000708492
1343	300	-0.00440025	0.000471239
1344	100	-0.00780544	0.000594566
1345	200	-0.00762043	0.000712995
1346	100	-0.00634001	0.000465436
1347	200	-0.00699817	0.00114103
1348	200	-0.00180219	0.000614685
1349	400	-0.00507764	0.000833515
1350	200	-0.0068218	0.000488251
1351	400	-0.00776573	0.0010873
1352	600	-0.00935231	0.000608005
1353	100	-0.00906	0.000451229
1354	300	-0.00596351	0.000568879
1355	100	-0.00852982	0.000467749
1356	500	-0.00609024	0.000577413
1358	200	-0.00654989	0.000571055
1359	200	-0.00768857	0.000496694
1360	400	-0.007021	0.000697638
1361	300	-0.00728097	0.000593421
1362	400	-0.00738836	0.000493951
1363	100	-0.00970398	0.000536005
1364	100	-0.0130907	0.00048322
1365	200	-0.00929895	0.000439809
1366	400	-0.00923691	0.000506065
1367	600	-0.00733642	0.000501142
1368	200	-0.00889873	0.000464764
1369	500	-0.00910075	0.000564779
1371	400	-0.00508491	0.000403231
1372	200	-0.00738813	0.000436063
1374	400	-0.00555175	0.000485755
1375	400	-0.0077573	0.000480657
1376	100	-0.00834209	0.000458856
1378	200	-0.00569036	0.000850215
1379	100	-0.0105966	0.000635935
1380	400	-0.00615424	0.000673158
1381	300	-0.00820894	0.000600799
1382	300	-0.00766339	0.000566284
1383	300	-0.00698848	0.000822159
1385	400	-0.0063315	0.000514633
1386	200	-0.0051301	0.000501523
1387	100	-0.010521	0.000468073
1388	100	-0.00955967	0.000748536
1389	300	-0.0066247	0.000441648
1391	200	-0.00773023	0.000613276
1392	300	-0.00606693	0.0005511
1393	200	-0.00363267	0.000448661
1395	100	-0.01065	0.000559307
1397	200	-0.00945796	0.000581215
1398	100	-0.00896501	0.000451928
1399	200	-0.0057977	0.000692527
1400	100	-0.0061192	0.000549279
1401	100	-0.00659508	0.000517313
1402	200	-0.00891912	0.000506129
1403	300	-0.00565836	0.00126324
1404	100	-0.0076804	0.000399863
1405	300	-0.00810809	0.000624732
1407	100	-0.00115422	0.000473075
1408	100	-0.00891098	0.000468794
1409	300	-0.00515543	0.000774137
1410	400	-0.00842427	0.000521371
1411	300	-0.00785577	0.000753559
1412	200	-0.00750929	0.000463934
1414	100	-0.0061858	0.000470812
1415	300	-0.00722564	0.000522479
1417	200	-0.00261971	0.000372149
1418	200	-0.0032464	0.000536105
1421	100	-0.00189744	0.000337373
1422	100	-0.00587219	0.000760167
1423	500	-0.00509918	0.000559882
1424	300	-0.0064771	0.000889584
1425	100	-5.13637e-05	0.000862205
1426	200	-0.00461536	0.000457423
1428	300	-0.00765265	0.000627374
1430	100	-0.00652592	0.000481627
1431	200	-0.00537545	0.000836653
1434	200	-0.00576885	0.000566555
1435	100	-0.00945108	0.00040169
1436	100	-0.0060526	0.000488085
1437	400	-0.00628792	0.000711471
1438	400	-0.00269693	0.00147151
1440	300	-0.00874888	0.000507385
1442	300	-0.00518865	0.000463625
1443	200	-0.00652099	0.000526475
1444	100	-0.00423038	0.000333544
1445	300	-0.00530367	0.000555423
1446	200	-0.0029167	0.000476675
1447	100	-0.00535846	0.000591026
1448	300	-0.00594705	0.000498169
1449	100	-0.00365676	0.000489467
1450	300	-0.00584732	0.000467695
1452	100	-0.00914109	0.000788393
1453	300	-0.00507975	0.000492475
1456	200	-0.00576355	0.000533446
1457	100	-0.00970966	0.000453338
1458	200	-0.00434692	0.000474751
1460	100	-0.00464318	0.000639347
1461	200	-0.0060246	0.000539127
1463	200	-0.00800834	0.000567058
1464	200	-0.00517633	0.000529664
1465	100	-0.00381911	0.000726751
1467	200	-0.00116002	0.000631991
1468	100	0.0017403	0.00365596
1471	100	-0.00434576	0.000388673
1473	400	-0.00675632	0.000502022
1474	100	-0.00739495	0.000603262
1475	100	-0.00582941	0.000562283
1476	100	-0.00517374	0.000841166
1478	100	-0.0016757	0.000486969
1480	100	-0.00701503	0.000397011
1481	400	-0.00810006	0.000488216
1483	200	-0.00334815	0.00230828
1484	100	0.000545713	0.00045496
1485	100	-0.00831903	0.000427961
1486	100	-0.00483167	0.000624054
1487	100	-0.00818476	0.000467569
1489	100	-0.00317221	0.00176169
1490	200	-0.0077167	0.000537721
1491	200	-0.000689507	0.000648456
1492	100	-0.00686515	0.000519931
1493	100	-0.00489312	0.000828726
1496	100	-0.00109231	0.000483657
1497	100	-0.00735654	0.000431302
1498	100	-0.00856818	0.000422013
1499	200	-0.00485079	0.000513179
1500	200	-0.00257957	0.000501616
1501	100	-0.00400868	0.000557439
1502	300	-0.00644952	0.000522019
1503	100	-0.00567322	0.000389503
1504	100	-0.00580576	0.000537434
1508	400	-0.00456588	0.000469173
1509	100	-0.00855181	0.000486871
1512	300	-0.00723731	0.000499619
1514	300	-0.00245239	0.000541635
1515	200	-0.00277539	0.000510654
1517	100	-0.00630461	0.000422503
1518	200	-0.00592382	0.000476592
1521	200	-0.00394951	0.000436929
1522	100	-0.00411799	0.000387788
1523	300	-0.00338221	0.000397173
1524	100	-0.00768157	0.000453841
1525	100	-0.00235348	0.000948929
1527	100	-0.00190822	0.000436938
1528	200	-0.00302654	0.000463533
1529	100	0.00187996	0.00039267
1530	100	-0.00554052	0.000555105
1532	200	-0.00585657	0.000442932
1533	200	-0.00428787	0.00051188
1534	200	-0.00809201	0.000503685
1536	200	-0.00485601	0.000456698
1538	200	-0.00465106	0.000413334
1539	100	-0.00851509	0.000650775
1541	300	-0.00436755	0.000549597
1542	100	0.00341416	0.000378573
1544	100	-0.0042215	0.000438295
1547	100	-0.00238056	0.000796941
1548	100	-0.0103107	0.000443828
1549	200	-0.00101402	0.000389158
1550	300	-0.00495075	0.000492462
1552	200	-0.00521245	0.00037355
1554	100	6.54641e-05	0.000385236
1556	100	-0.00646245	0.000372418
1557	200	-0.00434832	0.000465554
1559	100	-0.00506401	0.000558569
1560	100	-0.0063852	0.000341489
1561	200	-0.00697169	0.000567603
1563	300	-0.0027211	0.000499367
1565	400	-0.00661204	0.000502745
1566	200	-0.00704146	0.000379961
1567	100	-0.00367105	0.00029934
1568	100	-0.00264774	0.000490766
1569	100	0.00092616	0.000499149
1571	100	-0.00544081	0.000517972
1572	100	-0.00127384	0.000325591
1574	100	-0.00921544	0.000484446
1575	200	-0.00330796	0.000408285
1578	200	-0.001941	0.000446001
1580	200	-0.00423392	0.000985759
1581	200	-0.00366669	0.000629675
1582	100	-0.00270704	0.000371832
1583	100	-0.00442421	0.000773841
1584	200	-0.00724494	0.000578365
1586	400	-0.00439309	0.000650146
1587	200	-0.0049374	0.000450438
1588	200	-0.00406244	0.000469579
1589	100	-0.00365315	0.000516752
1590	100	-0.00252168	0.000412327
1591	100	-0.00410901	0.000624505
1593	100	-0.0032684	0.000419343
1595	200	-0.00552566	0.000441544
1596	100	-0.00522928	0.000361649
1598	200	-0.00451453	0.000443598
1599	200	-0.00292496	0.000400446
1601	400	-0.0032281	0.000713472
1602	300	-0.00488604	0.000466837
1603	100	0.00134669	0.000333774
1604	300	-0.00287207	0.000363957
1605	200	-0.00414204	0.000504922
1606	100	-0.00537528	0.000600161
1607	100	5.90733e-05	0.000388371
1609	100	-0.00445474	0.000335539
1612	300	-0.0041469	0.000424687
1613	100	-0.00423024	0.000499184
1614	100	-0.00406407	0.00043371
1615	100	-0.0092772	0.000527015
1616	300	-0.00621202	0.000465512
1617	300	-0.00550491	0.000488341
1618	100	-0.00127656	0.000400972
1619	100	-0.00202969	0.00235589
1622	100	-0.00593302	0.000410746
1623	200	-0.00250118	0.000348616
1624	100	-0.00635677	0.000467028
1626	100	-0.00464786	0.000458383
1627	400	-0.00426404	0.00040619
1629	100	0.00161878	0.000486003
1631	100	-0.00465883	0.00101277
1633	200	-0.00250673	0.000493335
1634	100	-0.0106675	0.000375588
1635	300	-0.00497105	0.000501909
1637	200	-0.00542109	0.000517693
1639	200	-0.000717262	0.0003468
1641	100	-0.00409947	0.00041321
1642	200	0.00208904	0.000428328
1643	300	-0.00610353	0.000462582
1645	100	-0.0024225	0.000399575
1646	100	-0.00385391	0.00037904
1647	100	-0.005767	0.000371179
1648	100	-0.00623122	0.000486385
1649	100	0.00128769	0.000390732
1650	100	-0.00668416	0.000441495
1651	200	-0.00329101	0.000407737
1653	100	-0.00351292	0.00071784
1655	100	0.00110633	0.000800839
1657	200	-0.00240267	0.0004543
1658	400	-0.000884653	0.000660242
1660	100	-0.00315338	0.000464496
1661	200	-0.00322837	0.000602733
1663	400	-0.00361288	0.000451835
1664	100	0.000101644	0.000306505
1665	100	-0.00535857	0.000609382
1669	200	-0.0031424	0.000496751
1671	100	-0.00499415	0.000492114
1674	100	-0.00917514	0.000470535
1676	200	-0.00462047	0.000632433
1678	300	-0.00345675	0.000534395
1680	100	0.000435648	0.000362875
1683	300	-0.00164176	0.000405621
1684	200	-0.00317216	0.000442788
1689	100	0.00107753	0.000377634
1690	200	-0.00681984	0.000527422
1691	200	-0.00683096	0.000513372
1692	100	-0.0064309	0.000410398
1695	100	-0.00948076	0.000512377
1696	100	-0.00609362	0.000498453
1697	100	-0.00182377	0.000393204
1698	100	0.00219166	0.000485068
1700	200	-0.0071679	0.000473543
1701	100	0.00575961	0.000637589
1702	200	-0.00435947	0.000384223
1705	200	-0.00326594	0.000481116
1708	200	-0.00256076	0.000883813
1711	100	-0.00409552	0.000400439
1713	200	-0.00450351	0.000398509
1715	200	-0.00439177	0.000456451
1716	100	-0.00867849	0.000428186
1717	100	-0.00857718	0.000536606
1718	100	-0.00217883	0.000430213
1719	100	-0.0016901	0.0003286
1722	200	-0.00577604	0.00080249
1723	100	-0.00240252	0.0003453
1725	400	-0.0033311	0.000675789
1727	100	-0.00558487	0.000499146
1729	100	-0.00442576	0.000425327
1735	300	-0.00497217	0.000433828
1736	100	-0.00311859	0.000547298
1737	200	-0.00413061	0.000708992
1738	100	-0.00509346	0.000432206
1739	200	-0.00396039	0.000721985
1741	100	-0.00730075	0.000551022
1742	100	-0.00696648	0.000437656
1743	100	-0.00872205	0.000515015
1744	200	-0.00263276	0.0005631
1745	100	-0.00307861	0.000288788
1746	100	-0.00276919	0.000345794
1748	100	-0.00651169	0.000505855
1750	100	-0.00543918	0.000508228
1752	100	-0.00457735	0.000403731
1754	200	-0.00321841	0.000397344
1756	100	-0.00683042	0.000420868
1758	100	-0.0039298	0.000646892
1759	100	0.00175999	0.000472586
1760	100	-0.00426748	0.000439339
1766	100	-0.0055745	0.000484236
1767	100	-0.00461737	0.000510076
1770	200	-0.00466245	0.000462816
1773	200	-0.00668365	0.00052938
1776	200	-0.00222331	0.000506838
1778	100	-0.00427618	0.000448
1779	100	-0.000925444	0.000858556
1781	100	-0.00277206	0.00046639
1784	100	-0.00503662	0.000556931
1785	100	-0.00204328	0.000481346
1791	100	-0.00178687	0.000387503
1796	100	-0.0026579	0.000516351
1801	100	-0.00294927	0.000447772
1803	100	0.000456944	0.000503769
1804	200	-0.000722275	0.000850909
1807	100	-0.000198348	0.000806471
1810	100	-0.00488676	0.000465127
1811	100	-0.00273759	0.000481905
1813	100	-0.00148087	0.000610546
1815	100	-0.00582565	0.000488645
1817	200	-0.00255453	0.000511025
1818	200	-0.00413046	0.000466456
1826	100	-0.00185205	0.000403347
1827	100	-0.00180087	0.000601357
1828	100	-0.00901335	0.000453615
1837	100	-0.00226039	0.000534455
1840	200	-0.00211223	0.000507526
1843	100	-0.00181407	0.000565117
1844	100	-0.00295105	0.000499333
1847	100	-0.00428882	0.000508448
1854	300	-0.00317352	0.000490203
1855	100	-0.00412465	0.000426519
1856	100	-0.0053546	0.000385972
1857	100	-0.00411402	0.000382274
1858	100	-0.00623759	0.000396386
1860	300	-0.000891948	0.000443481
1862	100	-0.00203752	0.000402014
1863	300	-0.00377211	0.000437062
1869	100	-0.00454102	0.000371216
1870	200	-0.00482051	0.000321116
1871	100	-0.00640778	0.000490296
1874	100	-0.00323465	0.000407628
1875	100	-0.00499371	0.000283725
1876	100	0.000821966	0.000763
1878	200	-0.00169588	0.000525184
1881	200	-0.00210149	0.000475778
1882	100	-0.0044532	0.000391917
1887	200	-0.0014664	0.000337828
1888	100	-0.00454636	0.000379091
1894	100	-0.00800209	0.000488709
1895	100	-0.00182442	0.000288038
1906	100	-0.0015044	0.000401325
1907	100	-0.00195615	0.000230903
1912	100	-0.00526871	0.00036143
1915	200	-0.00615771	0.000286398
1916	200	-0.00279775	0.000265438
1919	100	-0.00407692	0.000350411
1920	200	-0.000734156	0.000378964
1924	200	-0.00218218	0.000344934
1926	100	-0.00631116	0.00029302
1928	100	-0.00410644	0.000411201
1929	100	-0.00238612	0.000330704
1930	100	0.00146202	0.000362585
1934	100	-0.00370281	0.000482739
1935	200	-0.00370157	0.000388071
1938	100	-0.00458419	0.000346863
1940	100	-0.00418606	0.000315724
1941	100	-0.00383144	0.000269529
1942	100	-0.00349053	0.000421137
1947	200	-0.00509422	0.000269259
1949	100	-0.00514198	0.000304718
1951	100	-0.00328501	0.000381483
1954	100	-0.00430566	0.000536127
1956	200	-0.00505959	0.000362319
1957	100	-0.000829352	0.000292731
1958	100	-0.00550546	0.000268151
1965	100	-0.00321932	0.000352726
1966	100	-0.00368962	0.00038315
1970	100	-2.94839e-05	0.000486898
1972	200	-0.00431176	0.00040549
1975	100	-0.0019748	0.000252248
1980	100	-0.00429179	0.000479879
1985	100	0.00127794	0.000273796
1987	200	-0.00247096	0.000305193
1990	100	6.75542e-06	0.000235773
1992	100	-0.00326438	0.001038
1996	100	-0.00978847	0.000352645
2003	100	-0.00385311	0.000506896
2014	100	-0.00386963	0.000280692
2019	100	-0.00238702	0.000383677
2020	100	-0.00782073	0.000283827
2025	100	-0.000244617	0.000296369
2026	100	-0.00043478	0.000309255
2032	200	-0.00442615	0.000357569
2033	300	-0.00279922	0.000314615
2036	100	-0.00587509	0.000464445
2039	100	-0.000241098	0.000291684
2040	100	-0.00708379	0.000267563
2044	100	-0.00447588	0.000459837
2047	100	-0.00284938	0.000302292
2051	100	-0.00520321	0.000306973
2053	100	-0.00546185	0.000317227
2054	100	-0.0057121	0.000338
2055	100	-0.00207749	0.000326677
2057	100	-0.00111414	0.000285923
2058	100	-0.00741188	0.00031213
2059	100	0.00256189	0.000433561
2066	100	-0.00773197	0.000319224
2068	100	-0.0045978	0.00028908
2072	200	-0.00160034	0.000256092
2074	100	0.000932001	0.000300383
2080	100	-0.000409311	0.000235792
2083	100	-0.00483699	0.000410103
2087	300	-0.00500858	0.000359244
2092	200	-0.00137286	0.000260739
2099	100	-0.00313735	0.000349245
2100	100	-3.79151e-05	0.000289969
2101	100	-0.00379247	0.000383319
2107	100	-0.00297538	0.000472114
2113	100	-0.00685056	0.000333304
2121	100	-0.00527044	0.000411809
2126	100	-0.00588324	0.000344019
2129	100	-0.000921649	0.000266088
2130	100	-0.00229977	0.000306791
2131	100	-0.00366343	0.000364573
2133	200	-0.00406849	0.000306166
2135	100	0.00282232	0.000296484
2137	200	-0.00440817	0.000275591
2139	100	-0.000913353	0.000343453
2142	100	-0.00692475	0.000322551
2147	200	-0.00453435	0.000293605
2149	100	-0.00509268	0.000354391
2154	100	-0.00746483	0.000355833
2159	100	-0.000511661	0.000381228
2160	100	-0.00291832	0.000421112
2161	200	-0.00266254	0.000298821
2163	100	-0.00403844	0.000362673
2165	100	-0.00336818	0.000297118
2166	100	-0.00281346	0.000389883
2168	100	-0.00513509	0.000374194
2172	100	-0.00561077	0.000311084
2173	100	-0.00426716	0.000277381
2174	100	0.00114325	0.000704732
2175	100	-0.000938163	0.000288812
2176	200	-0.00188624	0.000312516
2178	100	-0.00550667	0.000314924
2179	100	-0.000526207	0.000225487
2182	100	-0.00294505	0.000449382
2184	200	-0.00202702	0.000287788
2189	100	-0.00216202	0.000218549
2190	100	-0.00662369	0.000374921
2193	200	-0.000402377	0.000351201
2195	200	-0.00267768	0.000388341
2197	100	-0.00401095	0.000642145
2198	100	-0.00263495	0.000307392
2201	200	-0.00613975	0.000333558
2208	200	-0.00116694	0.000311029
2210	100	-0.00777341	0.000320707
2214	300	-0.00272439	0.000289693
2216	100	-0.00319469	0.000319893
2217	400	-0.00107041	0.000368225
2218	100	-0.00490609	0.000359516
2219	100	0.000253162	0.000306989
2220	100	-0.0023145	0.000311668
2221	100	-0.00286472	0.000255131
2223	100	-0.0049294	0.00031613
2224	100	-0.00491487	0.000307373
2226	300	-0.0028549	0.000420006
2235	100	-0.00539343	0.000284763
2238	100	0.00124546	0.000229935
2239	100	-0.000783776	0.00041894
2240	100	-0.00335085	0.000384087
2241	200	-0.0018006	0.000331671
2244	200	-0.00445423	0.000433443
2245	100	0.00306143	0.000335229
2246	100	-0.00715748	0.000284941
2248	100	-0.000562196	0.000231467
2250	100	0.00021787	0.000338346
2252	300	-0.00260428	0.000478382
2255	300	-0.000434726	0.000245877
2258	100	-0.00197147	0.000312334
2259	200	-0.00261747	0.000289881
2261	200	-0.00468103	0.00032388
2262	300	-0.00251369	0.000281316
2269	100	-0.00431821	0.000304244
2270	100	-0.0020785	0.000265505
2272	100	-0.000570683	0.000404036
2273	100	-0.00735835	0.000352685
2274	100	-0.00317801	0.000287597
2277	200	-0.00150186	0.000259065
2278	100	6.20081e-05	0.000301257
2279	100	0.00103891	0.000322014
2281	100	-0.00709945	0.000335229
2283	100	-0.0025529	0.000274452
2286	100	-0.00032831	0.000331004
2291	200	-0.00452078	0.000403699
2292	100	-0.00373995	0.000218291
2296	200	-0.00216404	0.000299709
2298	200	-0.00162574	0.00026941
2299	100	-0.00148553	0.000236604
2300	100	-0.000553235	0.000285303
2302	200	-0.00284597	0.000324649
2305	300	-0.00184982	0.00040242
2306	100	-0.00437983	0.000512883
2307	100	-0.00196716	0.000266562
2308	100	-0.00304749	0.000296094
2309	100	-0.00753437	0.000371413
2311	200	-0.00326624	0.000264853
2313	100	-0.00267758	0.000464294
2318	100	-0.00216427	0.000715833
2319	100	-0.000939377	0.000334522
2320	200	-0.00185121	0.000374384
2321	100	0.00220131	0.000252751
2322	200	-0.00363343	0.00030417
2324	400	-0.00164018	0.00110742
2326	100	-0.00430851	0.00026408
2328	100	-0.00548551	0.000220914
2330	100	0.000697734	0.000227057
2332	200	-0.00060775	0.000292949
2334	100	-0.00424252	0.000265033
2335	100	-7.5163e-05	0.000313021
2336	100	-0.00182561	0.000244172
2337	200	-0.00124214	0.00033871
2339	100	-0.000638712	0.000359193
2340	100	-0.00206344	0.000433544
2341	200	-0.0020064	0.000589135
2344	100	-0.00245193	0.000382696
2345	200	-0.00340444	0.000346788
2346	100	0.000346047	0.000498568
2349	300	-2.34295e-05	0.000286651
2350	100	-0.00274188	0.000357983
2351	100	-0.00229472	0.000406929
2353	200	-0.00391452	0.00028714
2359	100	0.00163913	0.000497069
2360	100	-0.00155933	0.000240138
2361	100	-0.00103699	0.000376563
2368	200	-0.00361622	0.000291809
2369	100	-0.00242803	0.000760174
2370	200	-0.00270857	0.00029788
2371	100	-0.00253614	0.000350588
2373	200	-0.00267328	0.00032475
2376	100	-0.000659409	0.000353206
2378	100	-0.00261611	0.000387052
2379	100	-0.00210811	0.000318263
2385	200	-0.000209716	0.000319549
2386	100	0.000194308	0.000230866
2390	100	-0.000175943	0.000313221
2395	100	-0.00239984	0.000292337
2396	100	-0.000388765	0.000433509
2398	100	0.000789539	0.000452303
2400	100	0.00101826	0.000190603
2401	200	-0.00422876	0.000288135
2402	200	-0.00297572	0.000332052
2403	100	0.000688273	0.000228463
2408	200	-0.00152301	0.000600327
2411	100	-0.00393491	0.000290179
2412	200	-0.000630284	0.000314507
2413	200	-0.00435901	0.000287303
2416	100	-0.00327883	0.00024254
2417	100	-0.0013503	0.000906561
2418	200	-0.00254298	0.000372519
2420	100	0.00112999	0.00145434
2422	100	3.14673e-05	0.000322072
2423	100	0.00029191	0.000188024
2424	100	-0.00430547	0.000247403
2425	100	-0.00254768	0.000298093
2428	100	-0.00161929	0.000252473
2429	100	-0.00322017	0.000329086
2430	100	-0.00257116	0.000361281
2434	100	-0.000779427	0.000303685
2436	100	-0.000758906	0.000314508
2437	100	-0.000864008	0.00037383
2438	100	-0.00113699	0.000278264
2439	200	-0.00435268	0.000313361
2440	100	-0.00400799	0.000274319
2441	100	-0.00129975	0.000317201
2442	100	-0.000748111	0.00025461
2446	100	-0.00217429	0.000319846
2447	100	-0.00509949	0.000285302
2448	100	-0.00213247	0.000317589
2449	300	0.000344783	0.000290517
2451	100	-0.00114743	0.000304905
2452	100	-0.00249955	0.000296649
2456	100	-0.00366577	0.000372802
2458	100	0.00201263	0.000289441
2462	100	-0.000479416	0.000316908
2463	200	-0.00172269	0.000384125
2466	100	-0.00424801	0.000302866
2467	100	-0.00426138	0.000265191
2469	300	-0.00144842	0.00032712
2470	100	0.00186097	0.000234904
2471	100	-0.0024791	0.000286876
2472	100	-0.00162056	0.000300107
2473	100	-0.000500867	0.000328872
2475	100	0.00153021	0.000308053
2477	200	0.00108671	0.000323744
2479	100	-0.00335502	0.000309287
2480	100	0.000806888	0.000364491
2482	100	-0.00125307	0.000450271
2484	200	-0.00216153	0.000291111
2486	100	0.0018676	0.000324429
2487	100	-0.00186754	0.000271632
2488	100	-0.00114968	0.000346521
2489	200	-0.00286647	0.000280917
2491	200	7.4592e-05	0.000285417
2492	100	-0.00423304	0.000278223
2493	200	-0.00015119	0.000374418
2495	100	-0.00587432	0.000316367
2496	100	-0.00295155	0.000240518
2497	100	-0.0010004	0.00037051
2499	200	-0.00338751	0.000410567
2500	100	-0.00312786	0.000347058
2501	200	-0.00303025	0.000264211
2502	100	-0.00404372	0.000277255
2506	100	-0.00192613	0.000232909
2507	100	-0.00333827	0.000367384
2509	200	-0.00162788	0.000291127
2510	100	-0.00359222	0.000300274
2511	100	-0.00030979	0.000271578
2512	100	0.000921665	0.000453462
2513	100	0.00141055	0.000296236
2515	100	0.00126715	0.000309638
2516	200	-0.00148243	0.000361285
2517	100	-0.00575294	0.000250628
2519	100	0.0003091	0.000265767
2520	100	6.09608e-05	0.000243086
2521	100	-0.000530305	0.000307689
2524	100	-0.00573898	0.000312416
2525	100	-0.00220067	0.00021429
2528	100	-0.00103555	0.000394992
2532	100	-0.00369996	0.000237825
2533	100	-0.00328787	0.000663318
2534	200	-0.0024151	0.000389814
2541	100	-0.000295678	0.000256312
2542	100	-0.0024932	0.000336869
2545	100	-0.00166022	0.000219107
2547	100	-0.00137001	0.000259931
2551	100	-0.00661868	0.00032611
2553	100	-0.00415482	0.000235469
2557	100	-0.00160942	0.000508439
2558	100	-0.00171571	0.000809305
2560	100	-0.000988664	0.000417204
2562	100	-0.00102026	0.000321379
2564	100	-0.00171942	0.000300303
2565	100	0.000965652	0.000235365
2566	100	-0.00139423	0.000424644
2568	100	8.47959e-05	0.000367026
2569	100	0.00312319	0.000279386
2571	100	0.000408247	0.000438973
2572	200	-0.00163868	0.000272035
2574	100	-0.00393036	0.000311557
2575	100	-0.00254525	0.000236674
2577	100	0.000879927	0.000529231
2578	100	0.000337536	0.00035253
2581	200	-0.000110575	0.00175026
2582	100	5.75673e-05	0.000275436
2585	100	-0.00221435	0.000251417
2587	200	-0.00183751	0.000338985
2588	200	-0.00235756	0.000315548
2589	100	-0.00164297	0.000271009
2590	200	-0.0038195	0.000359266
2591	100	-0.000498611	0.000368837
2592	100	-0.00307109	0.000288026
2593	100	-0.00160634	0.000343467
2594	100	0.000119707	0.000288484
2597	100	-0.00208203	0.000295404
2599	100	0.000190881	0.00027794
2600	200	-0.00142623	0.000328018
2602	200	-0.00190732	0.000222611
2605	100	-0.00458271	0.000277324
2608	100	-0.00365382	0.000305491
2609	200	-0.00362558	0.000397588
2610	100	0.00208982	0.00038765
2611	100	-0.00153964	0.000261526
2612	100	0.000592165	0.000296269
2613	200	-0.00120874	0.000275685
2615	100	-0.00553093	0.000242369
2618	300	-0.00292453	0.000417004
2620	100	-0.00452882	0.000233081
2621	200	-0.00177206	0.000265994
2623	200	5.25623e-05	0.000476711
2626	300	-0.000187028	0.000280412
2628	100	-0.00240233	0.000350247
2629	100	6.42506e-05	0.000315948
2631	100	-0.00337748	0.000422403
2636	100	-0.000847812	0.000421334
2637	100	-0.00180966	0.000269842
2640	100	-0.00539759	0.00035885
2642	100	0.000704993	0.000341804
2646	100	-0.00237187	0.000273462
2647	100	-0.00186487	0.000362997
2648	100	-0.00358196	0.000301039
2650	100	-0.00293887	0.000243687
2653	100	-0.00172854	0.000323186
2655	100	-0.00124587	0.000207228
2657	200	-0.00306665	0.000265226
2659	100	-0.00181956	0.000317131
2660	100	-0.00337301	0.000335168
2661	100	-2.94985e-05	0.000323306
2663	100	0.00167631	0.000264091
2669	100	-0.0022938	0.000276941
2671	100	0.000843181	0.000235518
2672	100	-0.00221782	0.000336389
2675	200	-0.00189596	0.000332811
2678	200	-0.00243503	0.000278679
2679	200	-0.00052145	0.000229478
2680	100	-0.00240709	0.000321418
2682	200	-0.00206004	0.00031284
2686	100	-0.00213782	0.000301016
2688	100	-0.00476831	0.000302227
2692	100	-0.000309281	0.000240238
2694	100	-0.00341781	0.000305367
2695	100	-0.00244613	0.000503081
2698	100	-0.00161242	0.000280399
2699	100	0.00139464	0.000277406
2702	100	-0.00214594	0.000312474
2703	100	-0.00417116	0.000285274
2705	200	-0.000443612	0.000346691
2711	200	-0.00229338	0.000273122
2712	100	-0.000321117	0.000252434
2717	100	-0.00147824	0.000250837
2718	100	0.00163827	0.000291639
2719	100	-0.00246392	0.000265294
2721	100	0.000736973	0.000274651
2722	200	-0.00225518	0.000262601
2723	100	-0.000475158	0.000432087
2724	100	0.00304903	0.00031708
2725	300	0.000301734	0.000290815
2730	100	-0.00152035	0.000257527
2732	200	0.00189404	0.000255651
2733	100	0.000739784	0.000381001
2736	200	-0.00222054	0.000316936
2737	100	-0.00487612	0.000221547
2740	100	-0.00200456	0.000252404
2742	100	-0.00264854	0.000297672
2743	200	-0.000855495	0.000277328
2748	200	-0.00243451	0.000302939
2753	100	-0.000840153	0.00027056
2754	100	0.00110671	0.000283247
2757	100	-0.00241696	0.000289757
2758	100	-0.00325027	0.000372244
2760	300	-0.00142337	0.000306547
2761	100	-0.0033532	0.000313092
2767	200	0.000235802	0.000376482
2769	200	-0.00204431	0.000236993
2770	100	-0.00461605	0.00025693
2772	100	0.000203154	0.000326685
2776	200	-0.00126156	0.000537679
2780	100	0.000236458	0.000244532
2789	100	-0.00224985	0.000261694
2794	100	-0.00102337	0.00028597
2797	100	-0.0012455	0.000281061
2803	100	-0.00547535	0.000320543
2804	200	-0.00410979	0.000319759
2809	100	-0.000575919	0.00023757
2812	100	0.00190723	0.000263462
2814	100	-0.00105759	0.00025748
2818	200	0.000516886	0.000311557
2819	100	-0.00110962	0.000269227
2821	100	0.00182217	0.000288504
2824	100	0.000237255	0.00027179
2826	100	-0.000565348	0.000336066
2831	100	0.00223685	0.000290868
2834	100	0.00279882	0.000246791
2836	100	-0.00127062	0.000288713
2837	200	-0.000793289	0.000351643
2838	100	0.000512906	0.000498506
2839	100	0.000712601	0.000513414
2840	100	0.000455231	0.000327004
2846	100	0.000332529	0.00028019
2847	100	-0.000195928	0.000471101
2849	100	-0.00432832	0.000864861
2855	100	-0.00182339	0.000299839
2856	200	0.000242176	0.000274098
2857	100	-0.00259405	0.000286965
2863	100	-0.00269095	0.00026742
2865	100	0.00111073	0.000336202
2866	100	0.000353903	0.000261268
2869	100	-0.00442397	0.000283725
2872	100	-0.000240686	0.000235572
2873	100	0.00255168	0.000230385
2875	100	-0.000571288	0.000275709
2876	200	-0.0022802	0.00032294
2879	100	-0.000746348	0.000382001
2895	100	0.000129952	0.000229709
2900	100	-0.000753073	0.000263203
2902	100	-0.0019534	0.00027671
2904	100	-0.00135481	0.000311966
2909	100	-0.00350614	0.000218989
2911	100	-0.00142017	0.000335996
2921	100	-0.00409538	0.00025187
2925	100	0.00161616	0.000250912
2940	100	-0.00233731	0.000262376
2942	100	-0.00186331	0.000303147
2975	100	-0.0015176	0.000271604
2979	200	0.00126653	0.000503525
2981	100	-0.000641233	0.000320799
2998	100	-0.00163465	0.000547908
3003	200	-0.000244765	0.000288544
3004	100	-0.00166662	0.00024596
3017	100	-0.00122349	0.000317507
3019	100	-3.53579e-05	0.000387144
3020	100	-0.00168876	0.000230003
3025	100	0.000847796	0.0004644
3027	100	-0.00143086	0.000315411
3029	100	0.00381285	0.000307551
3033	100	-0.000914032	0.00021616
3039	100	-0.00214485	0.000347449
3043	100	-0.000864288	0.000228204
3044	100	0.000167495	0.000436371
3046	100	0.00100807	0.000274062
3055	100	0.00168423	0.000262614
3062	100	0.00360444	0.000364482
3063	100	0.00032387	0.000198078
3065	100	0.000144852	0.000302128
3069	100	0.000808149	0.000214276
3075	100	-0.000504622	0.000260627
3076	100	-0.00162193	0.000293134
3078	100	-0.00128624	0.000333354
3080	100	-0.00528743	0.00035508
3082	100	0.000770035	0.000383873
3084	100	-0.00169298	0.000287806
3085	100	0.000468547	0.000277792
3106	100	-0.000326484	0.000284422
3117	200	-2.91779e-05	0.000285195
3119	100	-0.00126215	0.000297092
3124	100	-0.000179142	0.00028307
3136	100	-0.00228454	0.00029913
3137	100	-0.00206513	0.000250277
3138	100	-0.000464124	0.000315657
3140	100	-0.000317603	0.000272639
3151	100	0.00161273	0.000222742
3155	100	-0.00147153	0.00030876
3166	100	-0.0035729	0.000288553
3167	100	-0.00308463	0.000294727
3172	100	-0.000189919	0.000288114
3176	100	-0.000951202	0.000303894
3179	100	-0.00312103	0.000278674
3186	200	-0.000933654	0.000318938
3192	100	0.0034614	0.00029619
3193	100	0.00126204	0.000225213
3199	100	-0.00161153	0.000289896
3210	100	-0.00174504	0.000292505
3216	100	-0.000869103	0.00029623
3220	100	0.000246078	0.00024314
3221	100	0.00168337	0.000232725
3242	100	0.00147214	0.000325458
3244	100	0.000121375	0.000260784
3250	100	-0.00337108	0.000298756
3255	100	-0.0029736	0.000181336
3259	100	0.000115419	0.000271531
3261	100	-0.00184375	0.000296777
3275	100	0.000400142	0.000317815
3278	100	-0.00317854	0.000248589
3281	100	0.000166626	0.000321994
3286	100	0.00370553	0.000371413
3287	100	0.00373416	0.00139541
3296	100	-0.000694926	0.000250297
3298	100	0.000815075	0.000245603
3304	100	0.000922297	0.000257514
3306	100	-0.00194802	0.00033467
3313	200	-0.0025652	0.00026675
3316	100	0.000615736	0.00036543
3328	100	-9.58581e-05	0.000249542
3347	100	-8.78177e-05	0.000310274
3350	100	-0.00298862	0.000235857
3354	100	8.0432e-05	0.00031325
3356	100	0.00179797	0.000239586
3360	100	0.00148751	0.000366183
3366	100	0.00151279	0.000385933
3368	100	-0.000743992	0.00026335
3373	100	-0.00076151	0.000278694
3374	100	-0.00206984	0.000320775
3375	100	0.00206378	0.000485428
3379	200	-0.00292972	0.000273376
3381	100	-0.000430018	0.000238122
3384	100	0.000711521	0.000219065
3389	200	-0.00179767	0.000313858
3390	100	-0.00178872	0.000473534
3401	100	-0.00220901	0.000240553
3405	100	0.00222393	0.00023226
3414	200	0.00169237	0.000349834
3430	100	0.000844988	0.000354617
3436	100	0.0026903	0.000313694
3438	100	0.00133729	0.000371377
3442	100	-0.00165919	0.000252976
3446	100	-0.00166244	0.000318724
3455	100	-0.0010275	0.000352363
3458	100	-0.00318921	0.000321989
3461	100	0.00423793	0.000380506
3468	100	0.00360121	0.000330486
3472	100	-0.00089155	0.000236185
3475	100	7.23693e-06	0.000338806
3480	100	-0.00224489	0.000388028
3487	100	-0.00146052	0.000273555
3488	100	-0.000478357	0.000270884
3495	100	-0.00178215	0.0002673
3496	100	0.000974645	0.000670091
3503	100	-0.000526158	0.000329317
3510	100	-0.000990092	0.000337965
3525	100	-0.00058749	0.000452883
3530	100	-0.000241159	0.000272106
3535	100	-0.000988163	0.000303203
3540	100	0.00229607	0.0003104
3548	100	0.000518232	0.000306939
3549	100	-0.00095156	0.000520679
3550	100	-0.000967311	0.0002165
3554	200	-0.00142248	0.000311539
3557	100	0.00130617	0.000294862
3558	100	-0.00190708	0.000256985
3561	100	-0.000689401	0.000248216
3568	100	-0.000822732	0.000232721
3570	100	-0.000114078	0.000208703
3578	100	-0.00425861	0.000329427
3584	200	-0.00199842	0.000294418
3588	100	0.000174028	0.000266427
3591	100	0.00100625	0.000249925
3600	100	-0.00179449	0.000255084
3602	100	-0.000413919	0.00026351
3605	100	0.00300748	0.000354006
3611	100	0.00164735	0.000233982
3634	100	-0.00101236	0.000323288
3635	100	0.000198535	0.000252102
3636	100	-0.000252386	0.000325773
3644	100	-0.00234151	0.000273323
3648	100	-0.00251375	0.00029332
3650	100	0.000597106	0.000254431
3658	100	-0.00136926	0.000272456
3661	100	-0.00142008	0.000313783
3664	100	-0.00225679	0.000254632
3678	100	-0.00390649	0.000356377
3680	200	0.00190923	0.000341032
3693	100	0.00194016	0.000272178
3698	100	0.000161515	0.000326545
3705	200	-0.00108928	0.00028925
3712	100	-9.84071e-05	0.000342794
3725	100	0.000559783	0.000306087
3735	200	-0.000630973	0.000309568
3748	100	0.00131561	0.000205407
3754	100	0.000411079	0.000269526
3761	100	-0.00206314	0.000226104
3766	100	0.000593579	0.000245561
3770	100	-0.00222966	0.000196824
3772	100	0.00196017	0.000235706
3776	100	-0.00168036	0.000263356
3781	100	2.6489e-05	0.000306226
3795	100	-0.00220278	0.000264812
3798	100	-0.00267769	0.00031862
3803	100	-0.00151399	0.000262702
3807	100	-0.000580467	0.000261562
3808	100	0.00158011	0.000244399
3827	100	-0.00180742	0.000229309
3831	100	-0.00119875	0.000252958
3833	100	-0.00179281	0.000204198
3839	100	0.000222769	0.000210587
3848	100	0.000518338	0.000377954
3852	200	-0.00198148	0.00027688
3854	100	-0.000658538	0.000333474
3894	100	-0.000799826	0.000184757
3902	100	-0.00194456	0.000299253
3904	100	-0.00185227	0.00102408
3906	100	-0.00250226	0.000293984
3909	200	0.000494345	0.000446046
3914	100	-0.00112262	0.000280387
3915	100	0.0032495	0.00027532
3916	100	-0.00129945	0.000293027
3927	100	0.00301366	0.000287473
3934	100	-0.000507553	0.000273349
3945	100	-0.00042417	0.000316163
3947	100	-0.00262884	0.000289142
3949	100	0.00139214	0.000270511
3970	100	-0.00551675	0.000290934
3973	100	0.00211585	0.000368765
4001	100	0.00156327	0.000284918
4021	100	-0.00128553	0.000702602
4022	100	0.00271525	0.000307257
4028	100	-0.000653769	0.000241107
4042	100	-0.00113504	0.000349758
4058	100	-0.000763697	0.00036017
4062	100	0.00211619	0.0002874
4064	100	-5.65517e-05	0.000274074
4070	100	0.00172259	0.000299205
4071	100	-0.00198562	0.000216422
4076	100	0.000425299	0.000297363
4082	100	-0.00292162	0.000255009
4084	100	-0.00116978	0.000245044
4095	100	-0.000285802	0.000267243
4096	100	-0.000309123	0.000277231
4102	100	-0.000714539	0.000268448
4120	100	-0.00236967	0.000356788
4126	100	0.0031413	0.000247599
4143	100	0.00114042	0.000308314
4151	100	-0.00120776	0.000260525
4154	200	-0.00028906	0.00033419
4158	100	-0.00237314	0.000294971
4168	100	-0.00279924	0.000281038
4170	100	0.00182067	0.000212106
4178	100	-0.000297244	0.000332767
4182	100	-0.00122248	0.000272785
4195	200	0.00199686	0.000310551
4199	100	-0.000942888	0.00036105
4200	100	-0.00101463	0.000262222
4208	100	0.00368537	0.0003364
4215	100	0.000634787	0.000300372
4230	100	0.00128909	0.000280927
4241	100	0.00134132	0.000252039
4248	100	-0.000885365	0.00028166
4269	100	-0.00036417	0.00024565
4274	100	0.00118027	0.000289034
4282	100	0.000361656	0.00025089
4297	100	-0.000665532	0.000281267
4304	100	0.000202301	0.000303321
4308	200	-0.00177846	0.000258963
4310	200	-0.00193401	0.000294635
4316	100	-0.00111704	0.000272162
4317	100	-0.00250988	0.000246547
4321	100	-0.00310402	0.000265133
4324	100	-0.0006627	0.000420278
4342	100	0.000584209	0.000292178
4345	100	0.00117544	0.00023746
4348	100	-0.00073696	0.000275473
4358	100	0.00252435	0.000310854
4359	100	0.00159131	0.000248361
4365	100	-0.00103263	0.000274369
4366	100	0.00115844	0.000405048
4389	100	-0.000453914	0.000322891
4391	100	-0.00313237	0.00029254
4393	200	-0.00167886	0.000279282
4400	100	-0.00226379	0.000314669
4405	100	-0.00130611	0.000289953
4406	100	-0.00285981	0.000283355
4410	100	-0.000884067	0.000256245
4420	100	-0.00179363	0.000295436
4421	100	-0.000583018	0.000249383
4424	100	-0.000611993	0.000255388
4425	100	-0.000165391	0.0002445
4435	100	0.000393298	0.000251662
4439	100	0.00183044	0.000285105
4441	100	0.000870727	0.000491037
4443	100	0.00169056	0.000264099
4449	100	-4.26178e-05	0.000271012
4451	100	-0.00319343	0.000276609
4454	100	0.000645152	0.000227931
4457	100	-0.00302807	0.000313557
4461	100	-0.000628638	0.000369078
4463	100	-0.000983667	0.000318516
4466	100	0.000960636	0.000290468
4469	100	0.0032449	0.000208562
4480	100	0.00178185	0.000302515
4490	200	-0.000727593	0.000298838
4491	100	0.00115025	0.000338844
4499	100	-0.00147079	0.000298933
4503	100	-0.000858402	0.000297844
4517	100	0.00175878	0.000224117
4522	100	-0.00119791	0.000231195
4547	100	-0.00332611	0.000249875
4566	100	-0.000922534	0.000236487
4575	100	-1.65108e-05	0.000255463
4593	100	0.000521622	0.000286535
4596	100	-0.00190319	0.000316254
4602	100	-0.00124145	0.000270217
4604	100	-0.000172721	0.000326725
4609	100	-0.00241777	0.000288458
4612	100	0.000102824	0.000287593
4618	100	-0.00100862	0.000309323
4632	100	0.00115184	0.000229196
4639	100	-0.00182945	0.000285939
4640	100	-0.000872987	0.000237562
4660	100	-0.000788267	0.000225964
4662	100	-0.00159346	0.00026238
4663	200	-0.00013349	0.000279181
4674	200	-0.00144184	0.000237237
4681	100	-0.00115132	0.000332616
4706	100	0.00181125	0.000370185
4707	100	0.00147488	0.000340703
4708	100	-0.000898251	0.000431308
4714	100	-0.000815587	0.000405565
4717	100	-0.000746929	0.000349248
4721	200	0.000628059	0.000285173
4739	100	0.000435268	0.000249476
4759	100	0.000475924	0.000244829
4765	100	0.000406731	0.000280499
4778	100	0.00134175	0.000397102
4781	100	-0.00285361	0.000256834
4790	100	0.00178158	0.000272276
4794	100	-0.00081253	0.000235509
4798	100	-0.000508734	0.000318304
4820	100	-0.00206159	0.000178369
4824	100	0.00239992	0.000334802
4826	100	0.000892333	0.000329255
4827	100	-0.000304053	0.000322624
4828	100	-0.000728364	0.000372197
4831	100	-0.000327537	0.000281742
4839	100	-0.00107293	0.000339207
4841	100	0.000514318	0.000316865
4847	100	-0.000398193	0.000273751
4855	100	0.00207351	0.000308522
4865	100	0.000910258	0.000277661
4888	100	0.00214915	0.000284631
4891	100	0.00361374	0.000325471
4894	100	0.00237032	0.000287939
4896	100	-0.00225481	0.000268424
4904	100	-0.000757122	0.000253981
4929	100	-0.000396785	0.000251733
4931	100	-0.00144482	0.000224056
4946	100	0.0013114	0.00027967
4975	100	0.00370433	0.000311672
5018	100	-0.000201469	0.000313419
5026	100	-0.000500282	0.000286568
5035	100	-0.00197876	0.000242951
5040	100	-0.00246232	0.000311993
5067	100	0.000474111	0.000206635
5089	100	-0.000239646	0.000326395
5099	100	3.16427e-05	0.000321431
5105	100	-0.00248483	0.000338433
5125	100	-0.000145132	0.000473428
5142	100	0.00275808	0.000365188
5152	200	-0.00284788	0.000271694
5166	200	0.000214783	0.000318249
5172	200	-0.000778957	0.000269558
5175	100	0.000486597	0.000268662
5191	100	0.00184434	0.000267505
5192	100	-0.00309235	0.000320033
5198	100	-0.000970379	0.000255689
5199	100	0.00165264	0.000308127
5201	100	0.00133146	0.00027959
5217	200	-0.00195599	0.000263576
5223	100	-0.00101132	0.000318924
5241	100	-0.000290108	0.000338456
5252	100	0.00176625	0.000315952
5269	100	-0.00242	0.000286791
5271	100	-0.00055153	0.000237529
5284	100	-0.00314527	0.000265695
5330	100	-0.00423181	0.000300959
5333	100	-0.00240811	0.000316065
5356	100	0.000623271	0.000210916
5385	100	0.000115392	0.000251802
5407	100	-0.000648342	0.00025413
5414	100	0.000283398	0.000251507
5427	100	-0.0011478	0.000251739
5442	100	-0.000680273	0.000359335
5499	100	0.000544152	0.00027998
5504	100	-0.00150569	0.000351925
5507	100	-0.00270087	0.000278438
5508	200	1.86494e-05	0.000287466
5510	100	-0.00185426	0.000300136
5512	100	0.000350058	0.0002937
5534	100	0.000616459	0.000290498
5544	100	-0.00224997	0.000235947
5611	100	0.000653005	0.000342638
5617	100	-0.00280825	0.000274584
5641	100	-2.07981e-05	0.000306898
5694	100	0.00219852	0.000299072
5730	100	-0.00197997	0.000291407
5767	100	-0.00373169	0.000249514
5825	100	0.00173948	0.000258899
5828	100	-0.00390949	0.000190843
5847	100	-0.00295959	0.000263091
5892	100	0.0010256	0.000255439
5897	100	0.00139878	0.000223125
5974	100	0.00245465	0.000325461
5981	100	0.000604447	0.000286482
6000	100	-0.0018829	0.000286376
6018	100	0.00204494	0.00022736
6040	100	-0.000617136	0.000340876
6053	100	0.000582528	0.000346589
6058	100	-0.00100296	0.000261619
6066	100	0.00209916	0.000259116
6073	100	-0.000683968	0.000351286
6078	100	0.00169258	0.000285395
6084	100	-0.00226541	0.000311635
6087	100	0.00158568	0.000304096
6094	100	-0.000341937	0.000243925
6098	100	-0.00267759	0.000256108
6111	100	0.00163906	0.000257793
6125	100	0.000372606	0.000391244
6147	100	-0.000930583	0.000306923
6150	100	0.000447818	0.00025335
6157	100	-0.000874657	0.000297252
6166	100	-0.0037007	0.000324731
6178	100	-0.000203761	0.000225666
6206	100	-0.00122154	0.000257005
6210	100	0.000245664	0.000356236
6214	100	0.00116562	0.000219613
6220	100	-0.00214043	0.000299211
6243	100	0.00155866	0.000328654
6244	100	0.00249262	0.000582694
6253	100	-0.00367144	0.000324174
6260	100	-0.000902656	0.000345433
6262	100	0.000724231	0.000392824
6264	100	-0.000976784	0.000281635
6293	100	0.000825279	0.000369678
6303	200	7.83388e-05	0.000302379
6325	100	-0.00260166	0.000336826
6326	100	-0.00345813	0.00025743
6329	100	0.00010476	0.000273766
6330	100	0.000314082	0.000317271
6332	100	-0.000314397	0.000291255
6340	100	-7.34997e-05	0.000295632
6350	100	-0.000783419	0.0003166
6362	100	0.00227074	0.000311221
6363	100	-0.0021524	0.00033272
6370	100	-0.00111526	0.000237839
6371	100	-0.00325267	0.000289055
6375	200	-0.000358957	0.000314117
6376	100	-0.00186559	0.000273856
6383	100	-0.00081069	0.000260604
6387	100	-0.000356365	0.000231177
6391	100	-0.00233209	0.00025398
6402	100	-0.00242566	0.000358603
6414	100	-0.00136336	0.000274036
6418	100	-0.000130019	0.000302335
6437	100	-0.00251451	0.000299049
6439	100	-0.00279778	0.000283894
6440	100	-0.000780148	0.000267893
6441	100	0.000522707	0.000343511
6457	100	-0.0028767	0.000298919
6468	100	-0.000832178	0.00029893
6472	200	-0.00215304	0.000300695
6479	100	-0.00106255	0.000396031
6480	100	0.000447466	0.000309472
6484	100	-0.00154231	0.00038247
6485	100	-0.00307194	0.000268055
6491	100	-0.000157407	0.00025816
6493	100	0.000224977	0.000277879
6495	100	0.00170948	0.00031752
6500	100	0.0013839	0.000389219
6506	100	-0.00365701	0.000269642
6511	100	0.000339603	0.000341568
6516	200	0.000283523	0.000286887
6521	100	-0.00277383	0.000250101
6530	100	-0.00100573	0.000301138
6541	100	-0.00162922	0.0002548
6551	100	0.000734054	0.000290525
6555	100	-0.00247595	0.000258859
6557	100	-0.00223566	0.000252675
6565	100	0.00185629	0.00033546
6569	100	-0.00167651	0.000252301
6595	100	0.00162435	0.000214355
6601	100	-0.00346913	0.000360017
6602	100	-0.00193887	0.000338871
6604	200	0.000406487	0.000328474
6614	200	-0.00194756	0.000300106
6616	100	0.000334572	0.000275133
6628	100	-0.00153249	0.0003031
6634	100	-0.00128768	0.000386554
6638	100	-0.000774395	0.000296491
6644	100	0.00129945	0.000278444
6655	100	0.000132599	0.000287333
6661	100	-0.00419176	0.000333238
6666	100	0.000691184	0.000265053
6669	100	0.000521757	0.000330587
6671	100	0.000529639	0.000320837
6674	100	-0.000979204	0.000264288
6678	100	-0.000928372	0.000316605
6698	100	-0.00448042	0.000344087
6706	100	-0.000165255	0.000262863
6708	100	-0.00215201	0.000280214
6715	100	0.000749379	0.000246437
6716	100	-0.00343135	0.000291765
6719	100	9.61085e-05	0.000278596
6728	100	0.000707185	0.000255246
6731	200	-0.000512035	0.000273568
6737	100	-0.00166274	0.000254335
6741	100	-0.000744325	0.000296132
6744	100	-0.00347156	0.0002725
6745	100	0.00215009	0.000321793
6749	100	-0.00248295	0.000325833
6754	100	-0.00788957	0.000352002
6762	100	0.00137133	0.000288213
6767	100	-0.00253516	0.000302364
6787	100	0.000677407	0.000342053
6793	100	-0.00418966	0.000272805
6804	100	-0.00337327	0.000262252
6813	100	-0.00271721	0.00027959
6815	100	-0.000847863	0.000244445
6816	100	0.00187667	0.000364184
6819	100	-0.00202009	0.000313067
6820	100	0.000431359	0.000300401
6823	100	0.00261144	0.000453864
6826	100	0.00303522	0.000285694
6829	100	-0.000962011	0.000356474
6831	100	-0.00167472	0.000275096
6834	100	-0.00161923	0.000354176
6839	100	0.00110245	0.000341404
6844	100	-0.000180387	0.000273529
6847	100	-0.000262665	0.000257465
6856	100	-0.000786357	0.000313613
6861	100	0.00174138	0.000434688
6862	100	-0.000317065	0.000342696
6869	100	0.00100506	0.000344125
6881	100	-0.00247077	0.00030699
6896	100	0.00456811	0.000335577
6902	100	0.00200212	0.000271923
6903	100	-0.00315984	0.000267864
6905	100	-0.000638094	0.000278728
6920	200	0.000325026	0.000319031
6928	100	0.00174986	0.00038255
6929	100	-0.00112193	0.000320325
6940	200	-0.00225408	0.000294736
6944	100	-0.00294925	0.000351768
6946	100	-9.03264e-05	0.000213371
6953	100	-0.00218581	0.000367189
6961	100	0.00145745	0.000281185
6962	100	0.00172222	0.000347031
6976	200	-0.00188902	0.000281669
6978	100	-0.0035778	0.000256077
6990	100	-0.00148464	0.000255063
6992	100	-0.000814043	0.000238083
6997	100	-0.000987813	0.000330391
7012	100	-0.00437557	0.000407487
7013	100	-0.00126416	0.000272342
7016	100	-0.00115859	0.000471088
7021	100	0.000423907	0.000316919
7024	100	-0.000978399	0.000244506
7047	100	-0.00139798	0.000268532
7058	100	-0.00208225	0.000292225
7059	100	-0.00260072	0.000242082
7071	200	-0.00162505	0.000323271
7080	200	-0.00104849	0.00031727
7084	100	-0.000191435	0.000355609
7093	100	-0.00428136	0.000319654
7095	100	-0.00283295	0.000228969
7103	100	-0.000728052	0.000281802
7121	100	-0.00266593	0.000243982
7127	100	-0.00249491	0.000260073
7146	100	-0.00273828	0.000347566
7147	100	-0.000839956	0.000324315
7156	100	-0.000584496	0.000310303
7192	100	-0.0015679	0.000337444
7199	100	-0.00226343	0.000342003
7217	100	0.00104911	0.000253755
7224	100	-0.0016379	0.000273263
7235	100	0.000360811	0.000311344
7239	100	-0.000915927	0.000308531
7249	100	-0.000100182	0.000286131
7252	100	0.00207714	0.000393285
7256	200	-0.00166592	0.000298722
7261	100	-0.00268447	0.000312964
7266	100	-0.000243403	0.000328206
7277	100	-0.000335679	0.000275509
7284	100	-0.000381276	0.000284094
7306	100	0.00150746	0.000246049
7346	100	-0.000973522	0.000333661
7350	100	0.000535286	0.000271356
7353	100	-0.00133423	0.000334346
7354	100	-0.00215831	0.000347998
7363	100	-0.00253681	0.000313475
7367	100	0.000474481	0.000265365
7368	100	0.000879316	0.000373063
7376	100	-0.00120247	0.000315374
7380	100	-0.00140507	0.000296706
7394	100	-0.000869961	0.000360187
7398	100	0.000434279	0.000314251
7404	100	-0.00110132	0.000302548
7419	100	-0.00483712	0.000339818
7425	100	-0.00101525	0.000261513
7427	100	-0.00424996	0.000300881
7450	100	0.00137061	0.000260568
7470	100	-0.00176803	0.000265328
7473	100	-0.00191009	0.000363806
7480	200	-0.00115494	0.000276173
7494	100	-0.00224648	0.000302977
7497	200	-0.000515339	0.000290802
7503	100	-0.000471055	0.000299707
7505	100	0.00190784	0.000326811
7507	100	0.00229045	0.000336907
7510	100	-0.00240226	0.000313141
7512	100	-0.00139292	0.000353147
7513	100	0.00105144	0.00026736
7518	200	0.000423975	0.000296021
7529	100	5.40738e-05	0.000353561
7542	100	-0.00232561	0.000288225
7546	100	0.00113917	0.000326749
7549	100	0.000558509	0.000270577
7552	200	-0.000571477	0.000300793
7556	300	-0.000933769	0.000304706
7570	100	-0.00228802	0.0003185
7583	100	-2.92344e-05	0.000272023
7590	100	-0.00172133	0.000336871
7602	100	0.000600661	0.000299325
7609	100	-0.000653524	0.000361516
7612	100	-0.00309774	0.000284639
7619	100	-0.00116757	0.000341107
7621	100	0.00258168	0.000421414
7629	100	0.00140425	0.000308371
7630	100	-0.00190923	0.00030979
7634	100	-0.000464348	0.000296485
7639	100	-0.00217303	0.000269603
7642	100	-0.00215689	0.000272802
7643	100	0.00143298	0.000238571
7650	200	0.000134802	0.000300073
7659	100	-0.000368167	0.000268419
7670	100	-0.000672159	0.000291303
7673	100	-0.000204789	0.000307655
7690	100	-0.000975779	0.000256441
7704	100	0.000684122	0.000234293
7706	100	0.00163673	0.000344511
7707	100	-0.000519583	0.000286172
7711	100	-0.000977515	0.000240218
7712	100	0.00116287	0.000293572
7719	100	-0.00376275	0.000272011
7722	100	-0.00482573	0.000387637
7724	100	-0.000163977	0.000252117
7726	100	0.00199364	0.000307328
7727	100	0.000425586	0.000251214
7734	100	-0.0017303	0.00025471
7737	100	-0.00173036	0.000373658
7739	100	-0.00190362	0.000241535
7742	100	0.00130088	0.000333276
7745	100	-0.00280953	0.000330254
7748	100	-0.000704963	0.000332838
7749	100	-0.0018576	0.000398356
7761	200	-0.00210553	0.000269292
7763	100	-0.00103448	0.000294447
7773	100	-0.00198716	0.000270454
7783	100	-0.000966399	0.000258111
7796	100	-0.00524898	0.000294786
7799	100	-0.00140252	0.000279906
7800	100	4.2714e-05	0.000258634
7814	100	-0.00212112	0.000341382
7937	100	-0.000552362	0.000247047
7967	100	0.000599063	0.00030264
7998	100	-0.000302975	0.000250865
8216	100	0.00211088	0.000328917
8255	100	0.00161099	0.00034941
8422	100	-0.00215413	0.000335224
8434	100	-0.000753788	0.000266343
8600	100	0.0027575	0.000262935
8809	100	0.000822946	0.00031638
8894	100	-0.000756419	0.000275557
9122	100	0.00117779	0.000270682
9486	100	-0.00280093	0.000244986
9624	100	0.00124828	0.00030644
9653	100	-0.000394019	0.00032784
9704	100	-0.0040524	0.000257486
9732	100	-0.00308438	0.000290867
9876	100	-0.00379541	0.000295975
9954	100	-0.00344425	0.000337465
10106	100	0.00119912	0.000288125
10125	100	0.00113884	0.00030291
10130	100	0.000498112	0.000310659
10180	100	0.00237411	0.000295813
10187	100	-0.00491671	0.000231309
10199	100	-0.00197984	0.000326225
10269	100	-0.00137927	0.000282181
10320	100	0.00507067	0.000305318
10355	100	-0.00142709	0.000247634
10381	100	0.00130079	0.000287455
10419	100	-0.000828357	0.000261865
10448	100	-0.003504	0.000335424
10483	100	-0.00277584	0.000269415
10512	100	-0.00152524	0.000324027
10528	100	0.000791006	0.000279631
10531	100	0.000274772	0.000301379
10533	100	-0.000446221	0.000318987
10538	100	-0.00115765	0.000285784
10548	100	-0.00137596	0.000287778
10555	100	0.00106144	0.000361217
10583	100	-0.0020844	0.00033084
10589	100	0.00336798	0.000317661
10591	100	0.000697172	0.000353266
10603	100	-0.000922883	0.000320597
10608	100	0.000570908	0.000239873
10644	100	-0.00174396	0.00031655
10648	100	0.000596831	0.000306039
10652	100	0.000686634	0.000279646
10664	100	-0.000138762	0.000324232
10684	100	-0.00172921	0.000252778
10708	100	-0.00341688	0.000352714
10713	100	0.00118845	0.000329385
10721	100	-0.00127748	0.00034689
10723	100	-0.00433408	0.000297269
10743	100	-0.00200757	0.000301869
10747	100	0.000890338	0.000196678
10761	100	0.00326127	0.000383088
10769	100	0.00085519	0.000392903
10775	100	-0.000786284	0.000338285
10790	100	0.000673183	0.000321366
10820	100	0.00271577	0.000299404
10829	100	-0.000808255	0.00023424
10833	100	0.00406214	0.000285606
10841	100	0.000121482	0.000333567
10842	100	0.000653485	0.000308929
10858	100	-0.00401505	0.000304337
10859	200	0.00120221	0.000390315
10862	100	4.31858e-05	0.00029021
10868	100	-0.00234227	0.000360009
10941	100	-0.00138389	0.000348545
10952	100	-0.00259753	0.000245063
10961	100	-0.0030276	0.000330202
10980	100	-0.00370009	0.000329045
10988	100	0.00134052	0.000261267
11006	100	-0.00177075	0.000330454
11010	100	0.000672389	0.000315382
11027	100	-0.000756887	0.00027938
11036	100	-0.00190467	0.000281443
11058	100	-0.00281792	0.000262125
11084	100	-0.000135936	0.000337884
11097	100	0.00339686	0.000310871
11108	100	0.000811784	0.000251285
11160	100	-0.000353258	0.000411623
11168	100	0.0032835	0.000370788
11278	100	0.000605563	0.000283582
11402	100	-0.00165804	0.000371837
11416	100	-0.00138075	0.000250487
11458	100	-0.00175621	0.000297034
11485	100	-0.00111227	0.000351613
11535	100	0.00187032	0.000274471
11554	100	-0.00169245	0.000293801
11624	100	0.000723342	0.000289939
11679	100	-0.000762631	0.000250155
11698	100	-0.00229441	0.000258811
11719	100	5.23353e-06	0.000333465
11856	100	0.00182868	0.000310143
11904	100	-0.000939797	0.000262248
11944	100	0.000389339	0.000332145
12069	100	0.00367319	0.000398155
12182	100	0.000833782	0.000297182
12416	100	0.00206137	0.00030771
12524	100	-0.000116072	0.000208499
21855	100	0.000943155	0.000278511
34630	100	-0.00141065	0.000237762
