10	7119900	-1.18384	5.45101
11	5777100	-1.08035	4.49871
12	4805300	-0.98536	3.76085
13	4060400	-0.905441	3.20476
14	3477400	-0.833229	2.72815
15	3040000	-0.773185	2.32719
16	2685300	-0.718818	2.01352
17	2338100	-0.677476	1.83827
18	2040700	-0.644432	1.63489
19	1818100	-0.609377	1.52151
20	1617200	-0.589351	1.36793
21	1405100	-0.561294	1.23513
22	1257600	-0.540599	1.15129
23	1126000	-0.526508	1.01596
24	1006700	-0.513582	0.957959
25	873900	-0.509252	0.924144
26	770400	-0.500693	0.882325
27	712200	-0.483262	0.833163
28	645300	-0.475421	0.758529
29	586700	-0.462511	0.73109
30	542600	-0.454856	0.71363
31	506700	-0.436196	0.663804
32	569900	-0.384125	0.527015
33	484900	-0.393213	0.551531
34	416400	-0.4133	0.567055
35	396200	-0.409725	0.539939
36	371900	-0.393039	0.510729
37	338900	-0.38915	0.491666
38	352200	-0.3653	0.441517
39	345300	-0.356693	0.416357
40	286400	-0.368257	0.434632
41	285800	-0.359947	0.408422
42	267400	-0.346118	0.380578
43	252600	-0.339328	0.383083
44	257300	-0.332351	0.354569
45	249300	-0.328625	0.351773
46	227900	-0.32471	0.330245
47	236900	-0.302572	0.329433
48	225300	-0.306361	0.306072
49	206600	-0.283501	0.267594
50	205300	-0.276969	0.272539
51	201000	-0.272752	0.268775
52	193600	-0.267679	0.229253
53	192300	-0.250488	0.206707
54	188700	-0.23894	0.217487
55	167200	-0.243189	0.201576
56	161000	-0.24106	0.212888
57	150100	-0.233609	0.182089
58	151000	-0.227837	0.185719
59	133300	-0.224136	0.190587
60	140800	-0.226314	0.166461
61	135800	-0.216147	0.150534
62	137200	-0.206769	0.150217
63	122400	-0.203853	0.14651
64	118100	-0.202788	0.149869
65	116700	-0.199355	0.140728
66	115400	-0.200982	0.133334
67	112600	-0.194121	0.139711
68	109700	-0.186485	0.137455
69	98900	-0.188521	0.126335
70	97000	-0.189596	0.117129
71	91000	-0.183379	0.12414
72	91200	-0.185344	0.115953
73	97200	-0.178101	0.11046
74	84000	-0.178216	0.111056
75	82400	-0.176327	0.106147
76	86400	-0.176868	0.108373
77	92500	-0.161985	0.0998145
78	96900	-0.149222	0.092194
79	105700	-0.140651	0.0825165
80	102300	-0.142209	0.07302
81	88700	-0.145933	0.0831471
82	69100	-0.160517	0.0826707
83	55700	-0.171055	0.105336
84	53700	-0.166512	0.109714
85	53000	-0.170161	0.0836489
86	51300	-0.168055	0.0966032
87	51200	-0.162617	0.0891983
88	53900	-0.166144	0.0880014
89	49800	-0.162112	0.0762948
90	45800	-0.16245	0.0773394
91	43700	-0.161204	0.0800922
92	39900	-0.159204	0.0859176
93	43900	-0.153921	0.0763698
94	45100	-0.157	0.0762137
95	38900	-0.151269	0.0701964
96	37300	-0.151081	0.0721203
97	35000	-0.152744	0.0754101
98	35300	-0.151991	0.074271
99	33800	-0.147792	0.0648398
100	34500	-0.151628	0.0715164
101	34500	-0.147563	0.0828222
102	30100	-0.148163	0.0616817
103	34200	-0.144648	0.0700832
104	30200	-0.146993	0.0615356
105	29300	-0.142498	0.0613274
106	29800	-0.148718	0.0620698
107	31500	-0.146356	0.0660825
108	29200	-0.144588	0.0595372
109	27700	-0.145419	0.0622953
110	29600	-0.142168	0.0556493
111	26800	-0.139509	0.0714889
112	27900	-0.139992	0.0615184
113	32200	-0.134595	0.0719662
114	28700	-0.140825	0.0520311
115	28200	-0.139678	0.0513348
116	27100	-0.133836	0.0588137
117	27900	-0.136876	0.0506783
118	29300	-0.137061	0.0519934
119	28900	-0.13559	0.0530519
120	29000	-0.133137	0.0511466
121	26300	-0.129551	0.0493452
122	26700	-0.131669	0.0532407
123	21100	-0.132226	0.0510372
124	23500	-0.12914	0.047038
125	24600	-0.129871	0.0492242
126	22200	-0.128751	0.0491735
127	23800	-0.129886	0.0631018
128	21200	-0.121216	0.0448624
129	20800	-0.123576	0.0497131
130	20900	-0.126826	0.0437576
131	17100	-0.120993	0.0829577
132	16800	-0.116815	0.0412066
133	19800	-0.115818	0.0365166
134	18800	-0.120155	0.0430073
135	16700	-0.115705	0.0403289
136	16900	-0.110699	0.0367809
137	18300	-0.116337	0.0406968
138	16100	-0.112371	0.0393694
139	15100	-0.106994	0.030607
140	15600	-0.10113	0.0343617
141	15700	-0.100439	0.0355174
142	20700	-0.0940535	0.0348444
143	17800	-0.0955977	0.0308007
144	17100	-0.0913476	0.0326296
145	17000	-0.0883711	0.0303956
146	16900	-0.0903426	0.0258618
147	17400	-0.0824642	0.0249111
148	17700	-0.0894608	0.0241064
149	21400	-0.0826748	0.0223867
150	18700	-0.0788708	0.0251737
151	18300	-0.077742	0.0209198
152	17800	-0.0715717	0.0196511
153	16700	-0.0772041	0.0213367
154	21200	-0.0747074	0.0193534
155	19400	-0.0751259	0.0211045
156	19300	-0.0698051	0.0188624
157	18900	-0.066657	0.0194906
158	18900	-0.0755828	0.0221574
159	19200	-0.0760756	0.0191585
160	15600	-0.0753504	0.0190352
161	15500	-0.0670817	0.0170705
162	15500	-0.075647	0.0202959
163	15700	-0.0727938	0.0222409
164	16500	-0.0796527	0.0198438
165	13800	-0.0805719	0.0193701
166	11600	-0.0804918	0.0208415
167	12200	-0.0715298	0.024625
168	14400	-0.0864148	0.0270372
169	11400	-0.0800676	0.0225956
170	12400	-0.083527	0.0229159
171	12500	-0.0812872	0.021073
172	14000	-0.0786189	0.0194362
173	9600	-0.0796781	0.0169279
174	11900	-0.0788691	0.0200399
175	10800	-0.0801584	0.0228039
176	13800	-0.0818783	0.0193635
177	10200	-0.0754942	0.0214563
178	10600	-0.0724791	0.0239453
179	9100	-0.0754332	0.0183531
180	11500	-0.0803872	0.0204238
181	10000	-0.0794633	0.0184539
182	11100	-0.0759948	0.0192279
183	11200	-0.0825401	0.0201159
184	11500	-0.073083	0.019425
185	12500	-0.0715013	0.0254007
186	11300	-0.0712587	0.0167221
187	12400	-0.0669135	0.0150711
188	11400	-0.0670489	0.0197374
189	12700	-0.067955	0.0164046
190	13300	-0.062049	0.0141051
191	13400	-0.0629941	0.0194327
192	13100	-0.0594198	0.0138002
193	15100	-0.0581252	0.0297016
194	15400	-0.0516577	0.0107647
195	17200	-0.0529872	0.0113681
196	17900	-0.051562	0.0115527
197	18700	-0.0553992	0.0135931
198	20300	-0.0477314	0.00968984
199	16300	-0.0488916	0.00958199
200	18900	-0.0460724	0.00866126
201	20100	-0.0441669	0.00946058
202	17700	-0.0467021	0.0085707
203	20200	-0.0445011	0.00803765
204	19000	-0.0452254	0.00904755
205	19400	-0.0443629	0.00957035
206	14700	-0.0476402	0.00931922
207	15400	-0.0425975	0.00843956
208	14300	-0.0446898	0.0121375
209	14300	-0.0465865	0.0106599
210	13600	-0.0433799	0.00869585
211	14100	-0.048208	0.00874461
212	12500	-0.052933	0.0118591
213	11100	-0.0566799	0.0118391
214	13200	-0.0494879	0.00879468
215	10100	-0.0530058	0.00940835
216	8700	-0.0559587	0.0155848
217	9500	-0.0577653	0.0107684
218	7600	-0.0583887	0.0131895
219	5900	-0.0519719	0.00861783
220	8700	-0.0584138	0.0131485
221	5300	-0.0550926	0.0281877
222	6900	-0.0592013	0.0132825
223	5300	-0.0680993	0.0134149
224	6200	-0.0604257	0.0097558
225	5600	-0.0547264	0.0158061
226	4600	-0.0562396	0.0106722
227	4300	-0.0577411	0.0115799
228	5600	-0.0618998	0.0102625
229	4200	-0.064613	0.0105792
230	4100	-0.0617771	0.0122647
231	5500	-0.0672791	0.0193959
232	4800	-0.0621598	0.0111829
233	4700	-0.0610233	0.0145888
234	3200	-0.0663466	0.0124827
235	3900	-0.0557194	0.00873939
236	4100	-0.0654216	0.0147189
237	5000	-0.0589986	0.0113019
238	4800	-0.0580279	0.00962697
239	3400	-0.065651	0.015103
240	4400	-0.0561614	0.017654
241	4800	-0.0580223	0.0185248
242	4600	-0.0611246	0.0134691
243	5100	-0.0607214	0.0120137
244	3400	-0.061203	0.0138415
245	4200	-0.0666723	0.011898
246	2700	-0.0591983	0.0126286
247	3000	-0.0569203	0.00948013
248	3200	-0.0683176	0.0104746
249	3200	-0.0708315	0.0122537
250	4500	-0.0637741	0.00999766
251	3700	-0.0655585	0.0138458
252	4100	-0.063117	0.0108367
253	4300	-0.066341	0.0129463
254	3100	-0.0647443	0.0104724
255	3000	-0.064661	0.0124643
256	2900	-0.0590561	0.0105605
257	2700	-0.066273	0.0113121
258	3000	-0.0578068	0.0114489
259	3200	-0.0633116	0.0190869
260	2600	-0.0610404	0.0153976
261	3700	-0.065635	0.0109405
262	2900	-0.0681579	0.00953815
263	3000	-0.0697541	0.00963869
264	2800	-0.0584603	0.0134226
265	2800	-0.0619629	0.0124094
266	2000	-0.0622048	0.0133765
267	3900	-0.0604227	0.00976742
268	2000	-0.0623431	0.00909648
269	2400	-0.0583741	0.0149586
270	2700	-0.0678902	0.0105969
271	3800	-0.0592146	0.0109714
272	2900	-0.0596466	0.012601
273	2400	-0.0612554	0.00990425
274	3200	-0.0619707	0.0102192
275	2700	-0.0603623	0.00890876
276	2600	-0.0611942	0.00896431
277	2200	-0.0599636	0.0119961
278	1700	-0.0611783	0.0100784
279	2700	-0.0587804	0.0117369
280	3600	-0.0574883	0.00930449
281	2700	-0.0603669	0.00966093
282	2400	-0.0604668	0.00821205
283	2200	-0.0596955	0.00907025
284	1200	-0.0586305	0.00776367
285	2100	-0.0556191	0.0153033
286	2500	-0.0639686	0.0113515
287	3400	-0.0582252	0.010321
288	3400	-0.0588816	0.0119085
289	3400	-0.0541357	0.0078843
290	3500	-0.0577832	0.00823791
291	2400	-0.0567977	0.008562
292	3800	-0.0585379	0.0117749
293	3600	-0.0585326	0.00924201
294	2700	-0.0572211	0.00859082
295	2500	-0.0597899	0.00968965
296	2600	-0.0536336	0.0110442
297	2200	-0.0536711	0.00876783
298	1700	-0.0482892	0.00803883
299	2000	-0.0532283	0.00626177
300	2700	-0.0524255	0.0102476
301	2300	-0.0500572	0.00832467
302	2800	-0.0507909	0.00799371
303	1800	-0.0586798	0.00671621
304	1800	-0.0532545	0.00876844
305	1900	-0.0559299	0.00745107
306	1800	-0.0525454	0.00759931
307	1600	-0.0481626	0.00554822
308	2300	-0.0520481	0.00588462
309	2100	-0.0541689	0.00698619
310	2400	-0.0490085	0.00713849
311	2600	-0.0546965	0.00605503
312	2600	-0.0574225	0.00711098
313	2100	-0.0493644	0.00609008
314	2300	-0.0486326	0.00991392
315	1800	-0.0444524	0.00946311
316	2000	-0.0525808	0.0230225
317	1400	-0.0531603	0.00711946
318	1300	-0.0512342	0.00600721
319	1900	-0.0540169	0.00836608
320	2000	-0.0464201	0.00909006
321	1600	-0.04721	0.00604367
322	1400	-0.0478975	0.00507612
323	1700	-0.0500624	0.00715735
324	2000	-0.0511245	0.00713598
325	1400	-0.0523603	0.0168288
326	1900	-0.050188	0.00603039
327	1500	-0.0433859	0.0045221
328	2400	-0.0529486	0.00630188
329	2200	-0.0508184	0.00597822
330	1900	-0.0503411	0.0077328
331	1900	-0.0468554	0.00659245
332	1900	-0.050508	0.00524847
333	1700	-0.0473764	0.00588236
334	1600	-0.0438807	0.0102494
335	1600	-0.0500182	0.0064907
336	2100	-0.0451202	0.00567838
337	2600	-0.0490203	0.00799905
338	2500	-0.0523468	0.00575166
339	1900	-0.0512904	0.00653972
340	1900	-0.0481132	0.0088403
341	1200	-0.0559247	0.00716118
342	2100	-0.0496727	0.00643913
343	1500	-0.0440489	0.0350841
344	1800	-0.046037	0.00628591
345	1300	-0.0514081	0.0076543
346	2300	-0.0478184	0.00619437
347	2500	-0.0434919	0.094904
348	1300	-0.0484926	0.00488095
349	2200	-0.0486579	0.00776019
350	2300	-0.0513941	0.00523438
351	1200	-0.0499789	0.00569792
352	2500	-0.0482219	0.00624599
353	1300	-0.0452472	0.00738383
354	1300	-0.0571732	0.00524609
355	2000	-0.0492983	0.00676764
356	2100	-0.0464778	0.00547675
357	2500	-0.045622	0.00901606
358	2000	-0.045921	0.00533998
359	1800	-0.0480099	0.00494897
360	2400	-0.0475475	0.00800247
361	1800	-0.0443175	0.00587848
362	2500	-0.0454693	0.00647905
363	2600	-0.0428209	0.00454658
364	2000	-0.0469058	0.00569772
365	1500	-0.0497122	0.00499476
366	2300	-0.0460662	0.00605531
367	1700	-0.0442037	0.00404404
368	800	-0.044363	0.0096122
369	2100	-0.0456177	0.0056144
370	2400	-0.0450875	0.00591937
371	2900	-0.0463831	0.00575075
372	1600	-0.0459434	0.00699032
373	2000	-0.0469685	0.00449675
374	2500	-0.0446787	0.00713889
375	2700	-0.0484981	0.00510782
376	1300	-0.0456012	0.00544677
377	2600	-0.0451824	0.00591019
378	3300	-0.0472523	0.00531166
379	1900	-0.0450209	0.00750882
380	2500	-0.0470299	0.00470763
381	3700	-0.044899	0.00440227
382	2600	-0.0363795	0.0371362
383	3400	-0.0439675	0.00529701
384	2400	-0.0461931	0.0074052
385	2400	-0.043149	0.0102739
386	2300	-0.0453815	0.00630769
387	3200	-0.0429636	0.00484869
388	2400	-0.0428561	0.00599742
389	2300	-0.0447907	0.00554713
390	3000	-0.0425271	0.00890976
391	3900	-0.045021	0.00481203
392	3400	-0.0432629	0.00402644
393	4300	-0.0444	0.00652636
394	4100	-0.0445556	0.00488222
395	3200	-0.0432088	0.00598737
396	4300	-0.0402279	0.0071324
397	3800	-0.0421092	0.00488261
398	3900	-0.0441074	0.00508582
399	3000	-0.0412739	0.00517846
400	3300	-0.0429347	0.00516937
401	3700	-0.0422698	0.0041653
402	4100	-0.04422	0.00395503
403	3900	-0.0433723	0.00537828
404	3500	-0.0429884	0.00551898
405	4100	-0.0430475	0.0074441
406	2900	-0.0438017	0.00455431
407	4400	-0.0425121	0.00552444
408	4200	-0.0422016	0.00441897
409	3600	-0.0417999	0.0044249
410	5200	-0.0419446	0.00560701
411	3400	-0.0418585	0.0043894
412	3400	-0.0416476	0.00471634
413	3700	-0.0394091	0.00559393
414	4700	-0.0427072	0.00406278
415	2100	-0.0422975	0.00386953
416	4800	-0.0419953	0.0049868
417	5000	-0.0422477	0.00471782
418	4000	-0.0424301	0.00518926
419	3600	-0.0397879	0.00491905
420	3800	-0.0416731	0.00454688
421	4400	-0.041394	0.00447489
422	3300	-0.0407893	0.00489692
423	4100	-0.0427959	0.00401563
424	3700	-0.0420117	0.00544036
425	4100	-0.0403974	0.00444912
426	4400	-0.0415671	0.00384429
427	3200	-0.0416615	0.00446734
428	3500	-0.0407359	0.0047806
429	3200	-0.0383663	0.00440032
430	4800	-0.04127	0.00392692
431	4700	-0.0409975	0.00535024
432	4000	-0.0414792	0.00422638
433	4500	-0.0376202	0.00483616
434	3400	-0.0388345	0.00471092
435	3900	-0.0393193	0.00458703
436	3700	-0.0388087	0.00520134
437	3200	-0.0393385	0.00542687
438	3300	-0.0414821	0.00395455
439	4900	-0.0405109	0.00396991
440	4600	-0.0405967	0.0042994
441	3700	-0.0396118	0.00442274
442	3700	-0.0403007	0.00333394
443	4400	-0.0413383	0.00360028
444	4200	-0.0381295	0.00559097
445	2500	-0.0391426	0.00379558
446	2300	-0.0381041	0.0044047
447	3300	-0.0402978	0.00358633
448	3400	-0.0361582	0.0214262
449	4100	-0.0367022	0.00465888
450	3200	-0.0388927	0.00308131
451	2600	-0.0374924	0.0036673
452	3400	-0.0368125	0.00550545
453	2100	-0.038647	0.0037831
454	3600	-0.0373126	0.00361509
455	3100	-0.0367576	0.00415591
456	2600	-0.0377874	0.00393499
457	2300	-0.0377833	0.00305157
458	3200	-0.0375495	0.00406007
459	3300	-0.0370596	0.00383616
460	2500	-0.0366733	0.00375188
461	2300	-0.0385133	0.00481525
462	3100	-0.0331637	0.00390734
463	2800	-0.0379212	0.00373273
464	2700	-0.03459	0.00276979
465	2200	-0.0356521	0.00387616
466	1800	-0.0381269	0.00354062
467	1700	-0.0358881	0.00440876
468	3100	-0.0352365	0.00355649
469	2900	-0.0364655	0.00336854
470	2600	-0.0342101	0.00352788
471	1600	-0.0330828	0.00253896
472	2200	-0.0358563	0.00659269
473	2300	-0.0336272	0.00374413
474	2100	-0.0303823	0.00293217
475	2300	-0.034084	0.0033384
476	2700	-0.0328096	0.00275281
477	1900	-0.0366275	0.00300999
478	2200	-0.0306987	0.00401523
479	2200	-0.0347694	0.00427651
480	1400	-0.0278851	0.00314637
481	2400	-0.0257083	0.00226518
482	2200	-0.0346673	0.00291497
483	1200	-0.0317875	0.0026187
484	1400	-0.0270474	0.00355591
485	1200	-0.0311195	0.00308286
486	1300	-0.0318509	0.00239653
487	1100	-0.0298647	0.00210461
488	900	-0.0334412	0.00433852
489	1300	-0.0269979	0.0041601
490	1300	-0.0364369	0.00303119
491	2000	-0.0324068	0.00260553
492	1700	-0.03332	0.00251161
493	1200	-0.0336328	0.00305367
494	1600	-0.0285804	0.00308575
495	1000	-0.031708	0.00201265
496	1200	-0.028941	0.00221326
497	900	-0.0260003	0.00253529
498	600	-0.0200466	0.00155336
499	1800	-0.0323449	0.00268496
500	900	-0.0316063	0.00355199
501	1000	-0.0312517	0.00203675
502	1500	-0.0316776	0.00237268
503	500	-0.0313126	0.00240114
504	1100	-0.0368042	0.00295219
505	1000	-0.0211748	0.00169732
506	1300	-0.0279243	0.00283981
507	1100	-0.0246259	0.00296704
508	900	-0.0321473	0.00257989
509	500	-0.0304995	0.00187734
510	900	-0.0277772	0.00224085
511	1400	-0.030915	0.00428273
512	1100	-0.0326292	0.00257889
513	700	-0.0316784	0.00283627
514	1100	-0.0368265	0.00287722
515	600	-0.0225516	0.00251895
516	800	-0.0317491	0.00222495
517	800	-0.0257263	0.00204521
518	1300	-0.0297176	0.00340009
519	500	-0.0226724	0.00177083
520	600	-0.0282931	0.00219163
521	1000	-0.0233337	0.0022947
522	700	-0.0284529	0.00190297
523	600	-0.0165842	0.00105107
524	900	-0.0302379	0.00201634
525	1600	-0.0280925	0.00216978
526	800	-0.0314778	0.0037902
527	600	-0.0361546	0.00273888
528	800	-0.0318467	0.0023578
529	800	-0.0322187	0.0024532
530	1200	-0.0339402	0.00224529
531	700	-0.0247835	0.00221421
532	1300	-0.0286706	0.00312623
533	1200	-0.0287506	0.00287741
534	600	-0.0291431	0.00272096
535	900	-0.0296465	0.00264095
536	600	-0.0226363	0.00924494
537	600	-0.0267126	0.00399034
538	700	-0.0243149	0.00298352
539	1100	-0.0248242	0.00188557
540	700	-0.0342413	0.00241801
541	800	-0.0314394	0.00291483
542	800	-0.0305428	0.00184854
543	900	-0.0303271	0.00433258
544	700	-0.034147	0.00280861
545	900	-0.0321921	0.00274741
546	600	-0.0293167	0.00274043
547	300	-0.0292496	0.00554846
548	300	-0.0359756	0.00209745
549	800	-0.0312701	0.00213147
550	1000	-0.028025	0.00208417
551	300	-0.0310658	0.00281396
552	400	-0.0274343	0.00263063
553	700	-0.0313828	0.00246781
554	500	-0.0272888	0.00308396
555	800	-0.0284944	0.00221509
556	600	-0.0272356	0.00201131
557	1000	-0.0312772	0.00197192
558	700	-0.0312492	0.00217824
559	600	-0.0263064	0.00146475
560	800	-0.0317028	0.00344977
561	800	-0.0216323	0.00478245
562	600	-0.0297225	0.00397666
563	900	-0.0267449	0.00143846
564	1200	-0.0279872	0.00219325
565	1000	-0.0293696	0.00232039
566	800	-0.0273165	0.00174452
567	900	-0.032161	0.00236075
568	500	-0.0329227	0.00219253
569	600	-0.029959	0.00226007
570	500	-0.0298535	0.00196228
571	1200	-0.0303411	0.00271451
572	1200	-0.0287538	0.00169699
573	1300	-0.0291914	0.00260496
574	600	-0.0265856	0.00374127
575	400	-0.0314144	0.00197261
576	700	-0.0286428	0.0016819
577	400	-0.0258248	0.00342485
578	900	-0.025511	0.00222493
579	500	-0.0290973	0.00200935
580	600	-0.027938	0.00186558
581	1200	-0.0258968	0.00257953
582	1100	-0.0250894	0.00177281
583	800	-0.0227432	0.00194403
584	1100	-0.0292052	0.00169778
585	800	-0.0262034	0.00158091
586	1000	-0.0263509	0.00179606
587	700	-0.0287437	0.00211155
588	900	-0.029247	0.00229939
589	1100	-0.0235232	0.00156578
590	1100	-0.0273426	0.00176722
591	800	-0.0255361	0.00224762
592	1000	-0.0294801	0.00170873
593	1200	-0.026757	0.00177071
594	1100	-0.0270033	0.00186463
595	1000	-0.0272722	0.00355322
596	700	-0.0269052	0.00433436
597	900	-0.0269473	0.00191494
598	1300	-0.0275431	0.00225532
599	800	-0.0258346	0.00268585
600	1200	-0.0258853	0.00225254
601	900	-0.0270237	0.00201722
602	400	-0.0246987	0.00153608
603	1400	-0.023682	0.00143282
604	500	-0.0212092	0.00357473
605	700	-0.0287486	0.00207731
606	800	-0.026451	0.00185789
607	700	-0.0231236	0.002481
608	800	-0.0245399	0.00175346
609	400	-0.0244179	0.00457221
610	900	-0.0305754	0.00262989
611	500	-0.0251979	0.00337975
612	400	-0.0213611	0.00175155
613	400	-0.0229231	0.00174724
614	800	-0.0298425	0.00228167
615	1000	-0.0232916	0.00332113
616	200	-0.0197002	0.00100879
617	400	-0.0314819	0.00194036
618	1100	-0.0249296	0.00424988
619	400	-0.0174706	0.00113777
620	700	-0.0269806	0.00220981
621	500	-0.0234983	0.00146791
622	700	-0.0271447	0.0024424
623	800	-0.0142067	0.0359854
624	600	-0.0192008	0.0013355
625	400	-0.0186496	0.00250179
626	600	-0.0222219	0.00140436
627	1100	-0.0277914	0.00160989
628	500	-0.0260008	0.00157827
629	800	-0.023233	0.0018061
630	600	-0.0283543	0.00188251
631	800	-0.0215053	0.00157444
632	600	-0.0265918	0.00172646
633	1400	-0.0250217	0.00189222
634	1000	-0.020416	0.00142883
635	700	-0.0231608	0.00291096
636	700	-0.0275814	0.00173705
637	500	-0.022698	0.00144724
638	800	-0.0211998	0.00310019
639	200	-0.0266872	0.0013541
640	600	-0.0267162	0.0018359
641	600	-0.0200923	0.00198265
642	1000	-0.0220244	0.00203137
643	200	-0.0267264	0.00140654
644	400	-0.0202432	0.00199253
645	700	-0.024445	0.00127862
646	1100	-0.0241603	0.00179279
647	700	-0.0283696	0.00178015
648	400	-0.0288821	0.0014405
649	300	-0.0249094	0.00120624
650	700	-0.0217177	0.00129448
651	400	-0.0265619	0.00145451
652	900	-0.0220164	0.00145735
653	700	-0.0189646	0.00172817
654	1000	-0.0263299	0.00207455
655	200	-0.0194419	0.00111979
656	400	-0.0221101	0.00102141
657	1000	-0.0253261	0.00329381
658	700	-0.0206454	0.00165842
659	800	-0.0245017	0.00132522
660	500	-0.0263177	0.00170569
661	900	-0.0258753	0.00187823
662	800	-0.0245472	0.00220834
663	1100	-0.0229936	0.00160145
664	1000	-0.024057	0.0023497
665	800	-0.0239691	0.00174218
666	900	-0.0225644	0.00129189
667	600	-0.0249331	0.00152216
668	1300	-0.0238196	0.0016242
669	800	-0.022093	0.00148204
670	200	-0.0188701	0.00427064
671	1300	-0.0251703	0.00145165
672	1300	-0.0258261	0.00138505
673	600	-0.0265002	0.00194557
674	800	-0.0255301	0.00210998
675	1600	-0.0226755	0.00155237
676	900	-0.0250956	0.00177548
677	800	-0.0240628	0.00154193
678	800	-0.0264545	0.00139486
679	700	-0.0216904	0.00244447
680	600	-0.0245637	0.00183597
681	900	-0.0226784	0.00179018
682	1500	-0.020268	0.00161169
683	1300	-0.0248952	0.00146923
684	1000	-0.022709	0.0012397
685	400	-0.0192305	0.00101226
686	500	-0.0222285	0.00404197
687	800	-0.0235399	0.00146345
688	700	-0.0230836	0.00230646
689	800	-0.0257642	0.00140594
690	900	-0.0245898	0.0013812
691	1600	-0.0247155	0.00173207
692	700	-0.0238135	0.00209789
693	500	-0.0258259	0.00142275
694	700	-0.0242116	0.00237282
695	1300	-0.0237803	0.00118853
696	1800	-0.0209277	0.00177426
697	1200	-0.0266954	0.0015132
698	500	-0.0245738	0.00156952
699	600	-0.0205311	0.000981153
700	1300	-0.0220699	0.00145111
701	1500	-0.0247797	0.00200143
702	600	-0.0232651	0.00116247
703	1100	-0.0230877	0.00166703
704	1100	-0.0244274	0.00134813
705	700	-0.0254189	0.00141315
706	1000	-0.0253446	0.00172836
707	800	-0.02177	0.00116302
708	1400	-0.0252044	0.00173942
709	1000	-0.0212653	0.00113333
710	1300	-0.0225138	0.00159782
711	700	-0.0229425	0.00179098
712	900	-0.0186578	0.00109256
713	1200	-0.0247631	0.00450519
714	1200	-0.0213707	0.00125949
715	800	-0.023844	0.00145314
716	1300	-0.0225738	0.00147618
717	1000	-0.0236641	0.00150778
718	1000	-0.0259061	0.0015326
719	1400	-0.022519	0.0020051
720	1000	-0.0214325	0.00102542
721	700	-0.0219681	0.00227371
722	500	-0.0190902	0.00109197
723	1100	-0.0234161	0.00162306
724	1600	-0.0208561	0.00109761
725	1500	-0.0211924	0.00168403
726	900	-0.0206611	0.00107268
727	1100	-0.0204017	0.00120545
728	500	-0.0235574	0.00143784
729	1000	-0.0220201	0.00115692
730	1100	-0.0192168	0.00120154
731	1200	-0.0210034	0.00122123
732	600	-0.0229621	0.00124178
733	700	-0.0244309	0.00144768
734	1600	-0.0222087	0.00152485
735	800	-0.0249748	0.00139701
736	600	-0.0207275	0.00187571
737	300	-0.0147306	0.000792244
738	500	-0.0183068	0.000870333
739	900	-0.0210573	0.00153719
740	1300	-0.0181708	0.00136661
741	800	-0.0164714	0.00137869
742	800	-0.0221335	0.0011348
743	600	-0.0181367	0.00148498
744	900	-0.0228576	0.00137826
745	700	-0.0184871	0.00140991
746	900	-0.0231113	0.00208599
747	1000	-0.0191616	0.00125518
748	400	-0.0171057	0.00107057
749	400	-0.0232343	0.00109577
750	900	-0.0191879	0.00206347
751	1300	-0.0194767	0.00115783
752	1000	-0.0224713	0.00124553
753	400	-0.0205989	0.000948708
754	1000	-0.0210471	0.0021471
755	600	-0.0238682	0.00152581
756	600	-0.0242344	0.00142677
757	1100	-0.0211609	0.00269248
758	1400	-0.0204978	0.00149239
759	1200	-0.0214242	0.00135953
760	600	-0.0224966	0.00130237
761	500	-0.0188087	0.00108774
762	1000	-0.0207458	0.0011789
763	700	-0.0260212	0.00121465
764	700	-0.0187231	0.00229656
765	700	-0.0234209	0.00148832
766	400	-0.0201612	0.00182586
767	1100	-0.0222736	0.00121473
768	300	-0.0178179	0.000952627
769	400	-0.0232366	0.00114109
770	1200	-0.0202786	0.00139184
771	600	-0.0231807	0.00119023
772	600	-0.0235056	0.00194736
773	700	-0.0197741	0.00176223
774	500	-0.0221368	0.00127632
775	500	-0.0198482	0.00114335
776	600	-0.0171012	0.00102426
777	700	-0.0212339	0.00175041
778	900	-0.0197822	0.00103191
779	700	-0.0210193	0.00110307
780	1000	-0.0189081	0.00110219
781	500	-0.0145453	0.00101487
782	300	-0.0225544	0.00103979
783	1100	-0.016468	0.00116264
784	500	-0.0179748	0.00163829
785	600	-0.0192108	0.00157088
786	900	-0.0213646	0.00116607
787	1200	-0.0203789	0.00127291
788	600	-0.0225463	0.00139204
789	500	-0.0194547	0.00146974
790	400	-0.0208974	0.00135219
791	1000	-0.018164	0.00143281
792	700	-0.0188652	0.00110891
793	500	-0.0152866	0.00216646
794	600	-0.0180496	0.0025694
795	400	-0.0224998	0.00140297
796	900	-0.0186616	0.000886179
797	800	-0.0218743	0.00117575
798	300	-0.0240242	0.00111015
799	600	-0.0193755	0.00233719
800	900	-0.0211586	0.00114832
801	500	-0.0203839	0.00106543
802	500	-0.0192827	0.00256457
803	400	-0.0187436	0.000986169
804	700	-0.0221635	0.0016841
805	400	-0.0224179	0.00093141
806	600	-0.011355	0.000759256
807	1200	-0.0196968	0.00136297
808	400	-0.0205474	0.00115541
809	800	-0.0205029	0.00131894
810	1200	-0.0184149	0.00126723
811	700	-0.0212845	0.00116256
812	600	-0.0229682	0.00115915
813	600	-0.0211379	0.00151875
814	600	-0.0189959	0.00103146
815	500	-0.021006	0.00103798
816	400	-0.0169949	0.001042
818	400	-0.0177209	0.00069094
819	400	-0.0175287	0.00277288
820	600	-0.0184734	0.00090702
821	800	-0.0178405	0.00141158
822	600	-0.0191677	0.00133519
823	400	-0.0190128	0.00109424
824	500	-0.019798	0.00123571
825	300	-0.0162585	0.00168972
826	300	-0.0137025	0.000760915
827	600	-0.0197446	0.00136395
828	900	-0.0206724	0.000905589
829	900	-0.0188467	0.000941851
830	800	-0.0201911	0.00109341
831	500	-0.0175168	0.00108146
832	300	-0.0197623	0.000818769
833	200	-0.020082	0.000993769
834	100	-0.016354	0.00771573
835	500	-0.0189151	0.00108809
836	700	-0.0185679	0.00107712
837	500	-0.0159514	0.000861908
838	200	-0.0192922	0.000996788
839	700	-0.021054	0.00112553
840	400	-0.0167509	0.000727869
841	300	-0.0210616	0.000945682
842	700	-0.020006	0.00106124
843	400	-0.0179906	0.000878181
844	600	-0.0187455	0.00159937
845	800	-0.0199138	0.00113797
846	700	-0.0157413	0.000757859
847	300	-0.0161537	0.000941131
848	300	-0.0196395	0.000728131
849	600	-0.0181198	0.00120794
850	300	-0.0173767	0.000936896
851	400	-0.0189419	0.000970096
852	400	-0.0122718	0.000592112
853	600	-0.0168139	0.00117178
854	400	-0.0176067	0.00135757
855	600	-0.0196342	0.000896473
856	200	-0.0212619	0.00114641
857	100	-0.0215085	0.00135491
858	400	-0.0192336	0.000961569
859	700	-0.0186197	0.000797774
860	200	-0.0173575	0.0029934
861	300	-0.0202289	0.00112089
862	300	-0.0164688	0.000842853
863	600	-0.0188304	0.00084108
864	300	-0.0200649	0.00116701
865	400	-0.0194713	0.00203213
866	100	-0.00468472	0.000452155
867	600	-0.0183505	0.00113073
868	300	-0.0142155	0.000650048
869	200	-0.0198642	0.000813998
870	500	-0.0153441	0.000766266
871	100	-0.0192199	0.000678233
872	300	-0.0196873	0.00098347
873	400	-0.0181041	0.00334123
874	400	-0.0171246	0.00129225
875	400	-0.0172124	0.000745665
876	600	-0.0174324	0.00174089
877	600	-0.0175875	0.00115414
878	600	-0.0184004	0.000704822
879	400	-0.015881	0.000768359
880	400	-0.01518	0.000776194
881	400	-0.0201013	0.00081053
882	400	-0.0153411	0.000780174
883	500	-0.0151205	0.000795966
884	500	-0.0161567	0.000879254
885	500	-0.0161606	0.000777798
886	500	-0.0191525	0.000853807
887	600	-0.0160532	0.00155656
888	800	-0.0143287	0.000730967
889	300	-0.0207755	0.000747476
890	300	-0.0176262	0.00103511
891	400	-0.0225074	0.000930814
892	500	-0.0172734	0.000680173
893	300	-0.018638	0.00114638
894	400	-0.0118828	0.000781105
895	100	-0.0192349	0.00101795
896	300	-0.0143043	0.000591011
897	600	-0.0166466	0.00103803
898	300	-0.0191788	0.00170462
899	700	-0.016162	0.000704495
900	500	-0.0150956	0.000631631
901	700	-0.0175748	0.000877286
902	800	-0.0135811	0.00116843
903	700	-0.0130417	0.0012991
904	600	-0.0148283	0.000670534
905	700	-0.0162178	0.00169982
906	700	-0.0156185	0.00163135
907	300	-0.0188014	0.00105752
908	900	-0.0166041	0.000797815
909	700	-0.018295	0.00120411
910	300	-0.0137953	0.000646555
911	500	-0.0193966	0.000717785
912	1000	-0.016872	0.000713188
913	500	-0.0168114	0.000663408
914	600	-0.018134	0.000942557
915	100	-0.0135162	0.000489065
916	600	-0.0178236	0.00125871
917	1000	-0.0161157	0.0010285
918	700	-0.0138754	0.000833795
919	500	-0.0190612	0.00129201
920	600	-0.0166931	0.000790516
921	600	-0.0181057	0.00123829
922	500	-0.01718	0.00132078
923	900	-0.0184826	0.000996196
924	400	-0.0160847	0.00132261
925	400	-0.0165976	0.000691455
926	700	-0.015006	0.000825453
927	500	-0.0174846	0.00149071
928	400	-0.0145858	0.00201917
929	500	-0.0181344	0.000815231
930	800	-0.0162076	0.00199989
931	700	-0.0189691	0.00107348
932	100	-0.0196628	0.000963533
933	500	-0.0117009	0.00150583
934	500	-0.013362	0.000637969
935	600	-0.0177467	0.00096106
936	100	-0.0189614	0.000874506
937	1100	-0.0162181	0.00461963
938	600	-0.0176763	0.000829695
939	900	-0.0162435	0.000647624
940	900	-0.0150748	0.00136401
941	700	-0.0189071	0.000802173
942	600	-0.012039	0.00405037
943	600	-0.0156448	0.000682114
944	1100	-0.0164219	0.00231536
945	900	-0.0185375	0.000855554
946	200	-0.0152673	0.000612479
947	700	-0.0163118	0.000983425
948	900	-0.0182192	0.000877261
949	300	-0.0180249	0.000800213
950	800	-0.0158265	0.000759225
951	400	-0.0123242	0.00252613
952	500	-0.0171871	0.00157516
953	300	-0.0181082	0.00101429
954	700	-0.0153232	0.000766076
955	600	-0.0139575	0.000666915
956	400	-0.014533	0.000868845
957	900	-0.0133211	0.00141451
958	500	-0.0136273	0.000679102
959	400	-0.014418	0.000949945
960	600	-0.0154604	0.000550383
961	500	-0.0143858	0.00209415
962	300	-0.0123585	0.000675356
963	500	-0.020262	0.000945592
964	200	-0.0172321	0.000613714
965	400	-0.018876	0.000775788
966	300	-0.0181613	0.000832593
967	500	-0.0152558	0.000555306
968	700	-0.0147561	0.000726801
969	300	-0.0174467	0.000873711
970	500	-0.0112685	0.000904069
971	300	-0.0144183	0.000571739
972	500	-0.0117313	0.00132345
973	300	-0.0127146	0.00141366
974	700	-0.0151067	0.000675525
975	1100	-0.0119931	0.00113844
976	600	-0.0169142	0.0010043
977	600	-0.0150125	0.000694753
978	300	-0.0160775	0.000624528
979	300	-0.0143832	0.000604415
980	600	-0.0145531	0.000722103
981	200	-0.0157212	0.000831827
982	500	-0.0139409	0.000994086
983	700	-0.0148294	0.000723542
984	200	-0.0192083	0.000650477
985	400	-0.0169048	0.000969837
986	300	-0.00955663	0.000506396
987	500	-0.0106958	0.000635547
988	600	-0.0140632	0.000575384
989	200	-0.0156963	0.000704122
990	200	-0.00585911	0.000284443
991	400	-0.010607	0.000497747
992	100	-0.0172064	0.0014281
993	700	-0.00815093	0.000434806
994	600	-0.0154258	0.000869543
995	400	-0.0119732	0.000471902
996	200	-0.0126065	0.000580582
997	200	-0.0149385	0.000626061
998	300	-0.0133205	0.000588557
999	400	-0.0113369	0.000512875
1000	600	-0.0118208	0.000655659
1001	700	-0.0130406	0.000628415
1002	200	-0.0110838	0.000476007
1003	600	-0.00831378	0.000448637
1004	800	-0.0177539	0.000903844
1005	400	-0.0139211	0.00120271
1006	600	-0.0144826	0.000713217
1007	200	-0.0195497	0.00114214
1008	400	-0.0142308	0.000523774
1009	100	-0.01904	0.000642929
1010	700	-0.00694528	0.000377834
1011	500	-0.0136952	0.00122727
1012	500	-0.0117696	0.00131537
1013	700	-0.00641485	0.000344871
1014	300	-0.0178245	0.000660033
1015	300	-0.00854791	0.000759098
1016	400	-0.0153141	0.001302
1017	300	-0.0123205	0.0013065
1018	200	-0.0177185	0.000700427
1019	400	-0.00710577	0.00040357
1020	300	-0.0117655	0.0005268
1021	800	-0.0128533	0.00053079
1022	400	-0.0109618	0.000886894
1023	600	-0.0117301	0.000567034
1024	200	-0.00466437	0.000282883
1025	700	-0.012245	0.000710032
1026	400	-0.00723085	0.000412468
1027	600	-0.0100264	0.00057709
1028	400	-0.014812	0.000543813
1029	600	-0.0133716	0.000617659
1030	900	-0.0158954	0.00100966
1031	800	-0.0126836	0.000903697
1032	500	-0.0153519	0.000613862
1033	600	-0.0146004	0.000520023
1034	700	-0.0142588	0.00073175
1035	400	-0.0103537	0.000579823
1036	500	-0.00957085	0.000382306
1037	300	-0.0111415	0.000495568
1038	200	-0.0134888	0.00110521
1039	600	-0.015981	0.000733018
1040	400	-0.00950723	0.000879835
1041	200	-0.00729381	0.000537744
1042	300	-0.0154766	0.000834095
1043	200	-0.0177322	0.000602809
1044	600	-0.0152171	0.00140065
1045	200	-0.0123298	0.00046879
1046	300	-0.0153999	0.00087265
1047	400	-0.0164956	0.000775538
1048	900	-0.0108026	0.000881546
1049	400	-0.0144373	0.000617501
1050	400	-0.0118173	0.000447282
1051	600	-0.0159486	0.0005794
1052	200	-0.00611154	0.0013295
1053	600	-0.0138338	0.000544551
1054	200	-0.00980079	0.000565111
1055	300	-0.0154087	0.000612775
1056	700	-0.0120266	0.000696929
1057	700	-0.0125381	0.000643179
1058	100	-0.0134393	0.000495292
1059	400	-0.0161614	0.000604296
1060	600	-0.0132157	0.000669468
1061	600	-0.012027	0.000822116
1062	600	-0.0175678	0.000714446
1063	200	-0.0168653	0.00065083
1064	200	-0.00809823	0.000386453
1065	400	-0.0169101	0.000823103
1066	600	-0.0164981	0.000609235
1067	300	-0.0158288	0.000981962
1068	500	-0.0149301	0.000626004
1069	100	-0.0128226	0.000572514
1070	400	-0.0100927	0.000436245
1071	400	-0.00930066	0.00149841
1072	100	-0.0173637	0.00054032
1073	500	-0.0152955	0.000807654
1074	300	-0.0112772	0.000466448
1075	300	-0.0183278	0.000750365
1076	200	-0.0146351	0.000707882
1077	500	-0.0145497	0.000656627
1078	300	-0.01693	0.000577521
1079	200	-0.0144669	0.000476982
1080	500	-0.0131907	0.000614394
1081	700	-0.0142816	0.000534977
1082	600	-0.0105058	0.000581921
1083	400	-0.0180545	0.000676038
1084	200	-0.0128546	0.00209946
1085	200	-0.0150476	0.00100746
1086	100	-0.0192313	0.000608699
1087	500	-0.0121856	0.000782401
1088	500	-0.0122125	0.000584815
1089	500	-0.0143928	0.000759975
1090	100	-0.0184317	0.000648022
1091	600	-0.0130148	0.000506268
1092	200	-0.0106128	0.000391012
1093	700	-0.0112375	0.00187192
1094	400	-0.006225	0.000425287
1095	400	-0.00917225	0.000400656
1096	100	-0.0061832	0.00027579
1097	700	-0.0133024	0.000596141
1098	700	-0.0130063	0.000549309
1099	600	-0.0128461	0.000468511
1100	400	-0.0139901	0.0011301
1101	500	-0.0129093	0.00101112
1102	600	-0.0135803	0.00055215
1103	400	-0.0157136	0.000729007
1104	300	-0.0139264	0.000680341
1105	600	-0.0124747	0.000945891
1106	200	-0.00768456	0.000266861
1107	400	-0.0129362	0.000486463
1108	400	-0.0157055	0.000586532
1109	500	-0.0138009	0.000662945
1111	500	-0.00720133	0.000364203
1112	100	-0.0113321	0.000500817
1113	200	-0.0126704	0.000560801
1114	200	-0.0127977	0.000830524
1115	400	-0.0133648	0.00126017
1116	400	-0.0134889	0.000531992
1117	400	-0.0150615	0.000538783
1118	500	-0.0158545	0.000820434
1119	400	-0.014329	0.000558748
1120	600	-0.0108105	0.000917849
1121	300	-0.0149278	0.000591399
1122	600	-0.0132557	0.000537302
1124	600	-0.0130049	0.00101895
1125	600	-0.0129016	0.000528888
1126	400	-0.0152978	0.000585285
1127	500	-0.0121758	0.000415817
1128	600	-0.0163131	0.000605097
1129	300	-0.0111406	0.000554991
1130	500	-0.015085	0.000852009
1131	800	-0.0113031	0.000706558
1132	500	-0.0139088	0.000567688
1133	500	-0.0142499	0.000599805
1134	600	-0.0136399	0.00050208
1135	400	-0.0155012	0.000529463
1136	400	-0.0129017	0.000508306
1137	600	-0.0134117	0.000780867
1138	600	-0.0129772	0.000905321
1139	400	-0.0102235	0.000359756
1140	600	-0.0135127	0.00103798
1141	300	-0.0148999	0.00180226
1142	400	-0.0165654	0.000788503
1143	600	-0.0133928	0.000464005
1144	400	-0.0129665	0.000518471
1145	300	-0.0134817	0.00131463
1146	400	-0.0125938	0.000640134
1147	400	-0.0123799	0.000511994
1148	700	-0.0116987	0.000634975
1149	900	-0.0133077	0.000550836
1150	900	-0.012798	0.000689145
1151	400	-0.010922	0.000434944
1152	400	-0.0134402	0.000536759
1153	500	-0.0138529	0.000465846
1154	700	-0.0145224	0.000801273
1155	300	-0.0140842	0.000445971
1156	200	-0.0144014	0.000413503
1157	600	-0.0140807	0.000679128
1158	400	-0.0146869	0.000699954
1159	800	-0.0104534	0.00140362
1160	100	-0.0119676	0.00209323
1161	100	-0.013534	0.000422821
1162	500	-0.0155816	0.000548667
1163	200	-0.0132205	0.000525087
1164	600	-0.013741	0.000578898
1165	700	-0.0137681	0.00059107
1166	600	-0.01315	0.00069065
1167	600	-0.0142547	0.00054453
1168	100	-0.0157086	0.000460749
1169	700	-0.0138348	0.00056476
1170	600	-0.01288	0.000557449
1171	400	-0.0167814	0.000557483
1172	800	-0.0128573	0.000625701
1173	500	-0.0118991	0.000812825
1174	700	-0.0151101	0.000579147
1175	1000	-0.0140486	0.000751011
1176	300	-0.0132975	0.000619045
1177	300	-0.0137715	0.000520581
1178	500	-0.0151544	0.000537197
1179	100	-0.0146864	0.000545783
1180	500	-0.0142598	0.000527383
1181	1200	-0.0126911	0.0006968
1182	700	-0.0133726	0.000784943
1183	400	-0.0134122	0.000975443
1184	300	-0.014821	0.000497768
1185	300	-0.0146173	0.000508995
1186	600	-0.011046	0.000496274
1187	300	-0.0122264	0.00136663
1188	600	-0.0122126	0.00040398
1189	200	-0.0143127	0.00043791
1190	600	-0.0124063	0.000498628
1191	600	-0.0123397	0.00068586
1192	700	-0.0134469	0.000496283
1193	500	-0.0139983	0.000491265
1194	1000	-0.013545	0.00075432
1195	800	-0.0123694	0.000479722
1196	600	-0.0139681	0.000569988
1197	1300	-0.0138849	0.000527718
1198	800	-0.0125964	0.000731885
1199	700	-0.0114591	0.000444076
1200	1000	-0.0140614	0.000540321
1201	600	-0.0129461	0.000577043
1202	100	-0.015177	0.000529227
1203	900	-0.0140428	0.000687029
1204	700	-0.0116844	0.00067667
1205	500	-0.0151862	0.000514221
1206	400	-0.0122308	0.000532858
1207	500	-0.0114854	0.000468996
1208	600	-0.0141885	0.000501843
1209	300	-0.0127988	0.000552197
1210	500	-0.0123591	0.000436734
1211	800	-0.0129605	0.000621896
1212	200	-0.0133192	0.000548341
1213	500	-0.0139439	0.000508617
1214	700	-0.0134915	0.000461002
1215	100	-0.006988	0.00246689
1216	500	-0.0122925	0.000469862
1217	300	-0.0130575	0.000828579
1218	200	-0.0146659	0.000429006
1219	400	-0.0114623	0.000460565
1220	600	-0.0129257	0.00054333
1221	400	-0.0139337	0.000519825
1222	100	-0.017071	0.000590694
1223	600	-0.0125801	0.000524945
1224	600	-0.0109242	0.00258908
1225	400	-0.0114799	0.000821256
1226	500	-0.0131226	0.000650086
1227	500	-0.0106495	0.000763182
1228	500	-0.0117244	0.000705888
1229	300	-0.012574	0.00076876
1230	700	-0.0139344	0.000469645
1231	400	-0.0141764	0.000504593
1232	400	-0.0123988	0.000522178
1233	300	-0.0120011	0.000665245
1234	500	-0.0128884	0.000475291
1235	800	-0.0142474	0.000734684
1236	200	-0.01646	0.000547668
1237	600	-0.013055	0.000454644
1238	500	-0.0105492	0.000636353
1239	300	-0.0132511	0.000449632
1240	600	-0.0132885	0.000500746
1241	600	-0.0144214	0.000689587
1242	400	-0.0130305	0.000460704
1243	200	-0.00553662	0.000838421
1244	600	-0.0134765	0.000565995
1245	800	-0.0118503	0.000500297
1246	600	-0.0129359	0.000613342
1247	900	-0.0117382	0.000495895
1248	500	-0.0132468	0.00113183
1249	400	-0.0129698	0.000431321
1250	400	-0.0124489	0.000455571
1251	700	-0.0124901	0.000466133
1252	300	-0.0133876	0.000484428
1253	1000	-0.0133353	0.000460348
1254	800	-0.0117818	0.000487474
1255	200	-0.011813	0.000780302
1256	700	-0.0122878	0.000760835
1257	600	-0.0132196	0.000437828
1258	500	-0.0116011	0.000499027
1259	400	-0.01246	0.000434132
1260	400	-0.0110043	0.000412121
1261	400	-0.0107593	0.000714221
1262	400	-0.0123915	0.000600702
1263	500	-0.0117074	0.000799621
1264	500	-0.012156	0.000492664
1265	300	-0.00919727	0.000448953
1266	300	-0.0126829	0.000666208
1267	600	-0.0114756	0.00051981
1268	600	-0.0120659	0.000858473
1269	600	-0.0132801	0.000412342
1270	800	-0.0124282	0.000538649
1271	500	-0.0123414	0.000868058
1272	100	-0.0145442	0.000519868
1274	300	-0.00982367	0.000799559
1275	300	-0.0110273	0.000435585
1276	300	-0.0134824	0.000538983
1277	200	-0.0105111	0.000775246
1278	800	-0.0129109	0.000801442
1279	600	-0.0114645	0.000680468
1280	300	-0.012255	0.000498579
1281	700	-0.0121935	0.000425944
1282	400	-0.0144107	0.000473438
1283	400	-0.0130883	0.00050736
1284	200	-0.0110076	0.000643602
1285	100	-0.0125669	0.000384981
1286	300	-0.0132435	0.000526022
1287	100	-0.00909081	0.00131188
1288	200	-0.0120968	0.000549051
1289	200	-0.0113155	0.000445854
1290	500	-0.0128637	0.000444912
1291	300	-0.0138456	0.000482185
1292	300	-0.0115187	0.000757621
1293	300	-0.012605	0.000548801
1294	200	-0.00797916	0.000336843
1295	500	-0.0113439	0.000957329
1296	600	-0.0109312	0.000407114
1297	200	-0.0105687	0.000690147
1298	200	-0.00998558	0.000387957
1299	300	-0.0155161	0.000509406
1300	900	-0.0128758	0.000573234
1301	200	-0.013606	0.00045748
1302	600	-0.012969	0.000448798
1303	500	-0.0145248	0.000455558
1304	200	-0.00794713	0.00131728
1305	200	-0.011089	0.000372581
1306	300	-0.0118816	0.00051931
1307	500	-0.0125295	0.000491603
1308	500	-0.0122921	0.000463338
1309	400	-0.0133603	0.000481831
1310	300	-0.0104643	0.000380961
1311	500	-0.0114808	0.000571516
1312	200	-0.0125173	0.000454407
1313	400	-0.0133951	0.000474119
1314	200	-0.0116552	0.000649327
1315	300	-0.0126014	0.000404478
1317	500	-0.0125492	0.000724659
1318	400	-0.00777834	0.0015785
1319	100	-0.0112089	0.000432311
1320	300	-0.0117973	0.000570641
1321	300	-0.0123769	0.000399961
1322	300	-0.0119901	0.000391729
1323	400	-0.0110711	0.000451784
1325	800	-0.0134621	0.000497685
1326	200	-0.010842	0.000389087
1327	200	-0.012983	0.000460895
1328	600	-0.010538	0.000592786
1329	300	-0.0107547	0.000361734
1330	500	-0.0103749	0.000395239
1331	300	-0.0125507	0.000485264
1333	200	-0.0106487	0.000462033
1334	100	-0.0144461	0.000385518
1335	500	-0.011023	0.000600866
1336	400	-0.0123046	0.000398117
1337	800	-0.0111415	0.00148583
1338	200	-0.00965817	0.00158328
1339	500	-0.0102598	0.000373755
1340	300	-0.0123799	0.000596405
1343	300	-0.0109943	0.000583684
1344	100	-0.0108884	0.00060414
1345	200	-0.0103002	0.000734434
1346	100	-0.00970105	0.000331518
1347	200	-0.01163	0.000445781
1348	200	-0.010259	0.000531201
1349	400	-0.00976908	0.000870199
1350	200	-0.0135037	0.00044662
1351	400	-0.0113504	0.00052435
1352	600	-0.0133211	0.00045379
1353	100	-0.00999072	0.000624364
1354	300	-0.0103673	0.00124681
1355	100	-0.00914007	0.000333146
1356	500	-0.0106541	0.000525391
1358	200	-0.0118014	0.000467934
1359	200	-0.0127497	0.000392235
1360	400	-0.0112625	0.000408271
1361	300	-0.0119291	0.00041373
1362	400	-0.0133524	0.000380473
1363	100	-0.0131418	0.000460897
1364	100	-0.0065782	0.00091856
1365	200	-0.0109406	0.000358959
1366	400	-0.0121907	0.000525225
1367	600	-0.0108432	0.000558572
1368	200	-0.0115097	0.000361412
1369	500	-0.0119544	0.000447109
1371	400	-0.00893871	0.000355162
1372	200	-0.00899043	0.000540718
1374	400	-0.0110228	0.000568586
1375	400	-0.0107882	0.000498512
1376	100	-0.0127379	0.000317186
1378	200	-0.0127356	0.000362912
1379	100	-0.0111629	0.00064912
1380	400	-0.0125597	0.000372077
1381	300	-0.0104259	0.00042229
1382	300	-0.0111619	0.000412007
1383	300	-0.0105699	0.000476508
1385	400	-0.0111774	0.000343703
1386	200	-0.0114171	0.000345192
1387	100	-0.0104167	0.000333091
1388	100	-0.0100955	0.000386554
1389	300	-0.0102762	0.00035193
1391	200	-0.0108553	0.000305805
1392	300	-0.0122821	0.000364961
1393	200	-0.0030428	0.0017854
1395	100	-0.0155987	0.000413564
1397	200	-0.01189	0.000691684
1398	100	-0.0112871	0.000310926
1399	200	-0.00879727	0.00100754
1400	100	-0.00938413	0.000265479
1401	100	-0.0143708	0.000338889
1402	200	-0.00854968	0.000342957
1403	300	-0.0105486	0.00121474
1404	100	-0.0131063	0.000401574
1405	300	-0.0123481	0.000430673
1407	100	-0.0157155	0.000435979
1408	100	-0.00655047	0.000437504
1409	300	-0.0109525	0.00043785
1410	400	-0.0113654	0.000422138
1411	300	-0.0121482	0.000777458
1412	200	-0.00961249	0.000370333
1414	100	-0.00949486	0.000633159
1415	300	-0.00916336	0.000405631
1417	200	-0.00202758	0.000173653
1418	200	-0.00744973	0.000246747
1421	100	-0.00258123	0.000174053
1422	100	-0.0108158	0.00033916
1423	500	-0.0112433	0.000515897
1424	300	-0.00895068	0.00069656
1425	100	-0.0088851	0.000449602
1426	200	-0.00915779	0.000319586
1428	300	-0.011322	0.000374751
1430	100	-0.00916986	0.000559688
1431	200	-0.011596	0.000327131
1434	200	-0.0105921	0.000380007
1435	100	-0.00793208	0.000326635
1436	100	-0.00967845	0.000751482
1437	400	-0.0104497	0.00084007
1438	400	-0.00890172	0.000627907
1440	300	-0.0100651	0.000346957
1442	300	-0.00737073	0.000453408
1443	200	-0.00777039	0.000255306
1444	100	-0.0119747	0.000378555
1445	300	-0.00986969	0.000446254
1446	200	-0.0122782	0.00043059
1447	100	-0.0122239	0.00033931
1448	300	-0.0109104	0.000366904
1449	100	-0.0130266	0.000379215
1450	300	-0.010368	0.00036553
1452	100	-0.0105055	0.000577354
1453	300	-0.00763067	0.000281799
1456	200	-0.0117858	0.000362393
1457	100	-0.0103516	0.000465791
1458	200	-0.00628549	0.000187956
1460	100	-0.00960125	0.000331873
1461	200	-0.0107746	0.000361805
1463	200	-0.0108674	0.000357577
1464	200	-0.009176	0.000409812
1465	100	-0.00441424	0.00177679
1467	200	-0.00441523	0.000563524
1468	100	-0.0110112	0.000338251
1471	100	-0.00984911	0.00034415
1473	400	-0.00758246	0.000299458
1474	100	-0.0116091	0.000454682
1475	100	-0.0110085	0.000302793
1476	100	-0.0137601	0.000399373
1478	100	-0.002181	0.000256224
1480	100	-0.00577015	0.000513031
1481	400	-0.0106272	0.000475309
1483	200	-0.0119705	0.000353821
1484	100	-0.00338689	0.000206541
1485	100	-0.0110475	0.000354336
1486	100	-0.00983162	0.000355803
1487	100	-0.00956789	0.000411416
1489	100	-0.00931784	0.000324951
1490	200	-0.0105169	0.000432394
1491	200	-0.00715704	0.000351323
1492	100	-0.0116967	0.000548631
1493	100	-0.0128533	0.000355908
1496	100	-0.000501556	0.000210002
1497	100	-0.00994071	0.000323977
1498	100	-0.0107134	0.000398388
1499	200	-0.00756816	0.00127625
1500	200	-0.00440411	0.0014831
1501	100	-0.0121955	0.000339132
1502	300	-0.00913117	0.000803323
1503	100	-0.0104642	0.00026386
1504	100	-0.0113613	0.000323478
1508	400	-0.00884421	0.000266526
1509	100	-0.0115443	0.000414817
1512	300	-0.00961585	0.000298939
1514	300	-0.00812539	0.000303746
1515	200	-0.00731953	0.000260308
1517	100	-0.0123171	0.000375114
1518	200	-0.00784708	0.000407162
1521	200	-0.00901801	0.000441022
1522	100	-0.00827751	0.000427544
1523	300	-0.00882393	0.000321332
1524	100	-0.00720814	0.000809571
1525	100	-0.00700188	0.000623448
1527	100	-0.00489281	0.000209152
1528	200	-0.00495632	0.000420925
1529	100	-0.00300903	0.000177718
1530	100	-0.00939416	0.00040526
1532	200	-0.00878474	0.000652739
1533	200	-0.00496256	0.000602196
1534	200	-0.0103215	0.000407994
1536	200	-0.00355427	0.000381235
1538	200	-0.00945576	0.000384457
1539	100	-0.00937062	0.000322177
1541	300	-0.00723499	0.000383868
1542	100	-0.00149481	0.000208798
1544	100	-0.0101034	0.000329486
1547	100	-0.00886381	0.000540782
1548	100	-0.0085054	0.000414998
1549	200	-0.0029518	0.000202611
1550	300	-0.00676332	0.000254285
1552	200	-0.00700313	0.000277748
1554	100	-0.00352195	0.000147728
1556	100	-0.00839352	0.000458161
1557	200	-0.0123211	0.000368547
1559	100	-0.0122243	0.000289115
1560	100	-0.00964279	0.000530594
1561	200	-0.00858234	0.000482271
1563	300	-0.00700582	0.000259572
1565	400	-0.00984479	0.000328961
1566	200	-0.0104055	0.000368566
1567	100	-0.000457337	0.000216626
1568	100	-0.00241776	0.000172337
1569	100	-0.00281851	0.000239308
1571	100	-0.0112475	0.000322024
1572	100	-0.00339288	0.000165273
1574	100	-0.0125509	0.000360975
1575	200	-0.00578968	0.000278784
1578	200	-0.00616684	0.000469366
1580	200	-0.00982134	0.000251486
1581	200	-0.00954389	0.000823056
1582	100	-0.00458565	0.000233085
1583	100	-0.0108811	0.000369273
1584	200	-0.011216	0.000292604
1586	400	-0.00805845	0.000390646
1587	200	-0.00832952	0.000253805
1588	200	-0.00554271	0.000217367
1589	100	-0.0104551	0.000339448
1590	100	-0.000562851	0.000203799
1591	100	-0.0102343	0.000272582
1593	100	-0.00138222	0.000203507
1595	200	-0.0103314	0.00032426
1596	100	-0.00863105	0.000361
1598	200	-0.00520548	0.000415026
1599	200	-0.0097826	0.000357865
1601	400	-0.00761505	0.000270421
1602	300	-0.00642841	0.000349663
1603	100	-0.00112797	0.000255885
1604	300	-0.00662347	0.00024555
1605	200	-0.00848229	0.000285386
1606	100	-0.00922127	0.000307656
1607	100	-0.0034762	0.000165087
1609	100	-0.0103305	0.000291866
1612	300	-0.00766172	0.000265311
1613	100	-0.00953222	0.000311672
1614	100	-0.00847442	0.000278165
1615	100	-0.00847601	0.000303453
1616	300	-0.00773718	0.000560447
1617	300	-0.00634552	0.000328634
1618	100	-0.00352765	0.000198643
1619	100	-0.00720001	0.00129296
1622	100	-0.00893804	0.000390754
1623	200	-0.00238075	0.000175904
1624	100	-0.00813227	0.000310688
1626	100	-0.00816995	0.000289533
1627	400	-0.00626568	0.000244064
1629	100	-0.000879741	0.000168431
1631	100	-0.0134634	0.00039645
1633	200	-0.00394703	0.000235475
1634	100	-0.00980657	0.000281334
1635	300	-0.00858706	0.000375378
1637	200	-0.00633843	0.000336612
1639	200	-0.00439111	0.000176265
1641	100	-0.00995855	0.00030531
1642	200	-0.00343587	0.000176799
1643	300	-0.00701803	0.000293072
1645	100	-0.00136276	0.000137293
1646	100	-0.0100234	0.000281556
1647	100	-0.00747876	0.000291536
1648	100	-0.00912491	0.000261101
1649	100	-0.00158958	0.000162222
1650	100	-0.00970228	0.000420633
1651	200	-0.00900317	0.000526008
1653	100	-0.00732349	0.000503683
1655	100	-0.00930486	0.000268377
1657	200	-0.00591259	0.000239946
1658	400	-0.00815839	0.000269195
1660	100	-0.00675411	0.000245778
1661	200	-0.0122081	0.000362204
1663	400	-0.00749042	0.000291537
1664	100	0.000254117	0.000135864
1665	100	-0.00977384	0.00027426
1669	200	-0.0053536	0.000928522
1671	100	-0.00751381	0.000326612
1674	100	-0.0106495	0.000306717
1676	200	-0.012278	0.000317191
1678	300	-0.0069639	0.000606966
1680	100	-0.00291578	0.000287621
1683	300	-0.00567909	0.000230649
1684	200	-0.00740569	0.000361258
1689	100	0.000272439	0.000153846
1690	200	-0.00886081	0.000318642
1691	200	-0.00722658	0.000272091
1692	100	-0.00540028	0.000350461
1695	100	-0.00999865	0.000403924
1696	100	-0.00552081	0.000440532
1697	100	-0.00840348	0.000274443
1698	100	-0.00274982	0.000202192
1700	200	-0.0100051	0.000318646
1701	100	-0.00383554	0.000133565
1702	200	-0.00733221	0.000651861
1705	200	-0.00925683	0.000349673
1708	200	-0.00458571	0.000226548
1711	100	-0.00909997	0.000217141
1713	200	-0.00752117	0.000244079
1715	200	-0.00802994	0.00030248
1716	100	-0.00765635	0.00047067
1717	100	-0.00567621	0.000296845
1718	100	-0.00647726	0.0003344
1719	100	-0.007635	0.000260495
1722	200	-0.00865501	0.000455744
1723	100	-0.00940908	0.000310307
1725	400	-0.00806392	0.000408715
1727	100	-0.0049342	0.000244159
1729	100	-0.00887346	0.000288549
1735	300	-0.00539478	0.000251255
1736	100	-0.00792291	0.000269057
1737	200	-0.00678309	0.000471291
1738	100	-0.00974155	0.00033421
1739	200	-0.0087262	0.00024467
1741	100	-0.00647762	0.000251914
1742	100	-0.00906063	0.00028156
1743	100	-0.0105187	0.000288931
1744	200	-0.00986993	0.000298026
1745	100	-0.00707666	0.000271309
1746	100	-0.00458677	0.00015601
1748	100	-0.00711859	0.000303171
1750	100	-0.00736499	0.000281242
1752	100	-0.00645224	0.00025028
1754	200	-0.00802496	0.000283197
1756	100	-0.00962123	0.000272361
1758	100	-0.0114671	0.000313491
1759	100	-0.00912056	0.000224194
1760	100	-0.0076152	0.00029535
1766	100	-0.00807891	0.000404874
1767	100	-0.00990235	0.000267037
1770	200	-0.00567961	0.000306485
1773	200	-0.00904342	0.000260483
1776	200	-0.00871121	0.00033679
1778	100	-0.0093135	0.000471753
1779	100	-0.00960156	0.000249535
1781	100	-0.00761802	0.000231504
1784	100	-0.00838678	0.00029539
1785	100	-0.00781261	0.000292342
1791	100	-0.00512124	0.000652095
1796	100	-0.00551248	0.000235793
1801	100	-0.00941837	0.000308923
1803	100	-0.00957159	0.00025707
1804	200	-0.00558335	0.000266108
1807	100	-0.00361654	0.000638552
1810	100	-0.00871071	0.000250289
1811	100	-0.00816212	0.000248272
1813	100	-0.00621416	0.000266043
1815	100	-0.00631406	0.000233765
1817	200	-0.00823665	0.000243701
1818	200	-0.00804232	0.000239213
1826	100	-0.0061071	0.000588454
1827	100	-0.0070108	0.000304262
1828	100	-0.0082122	0.000297492
1837	100	-0.00756057	0.000183333
1840	200	-0.00748643	0.000267112
1843	100	-0.00575313	0.000652603
1844	100	-0.0091982	0.000254067
1847	100	-0.00842998	0.000311365
1854	300	-0.0068947	0.000385763
1855	100	-0.00985436	0.000283819
1856	100	-0.00842741	0.000308686
1857	100	-0.00554415	0.00023446
1858	100	-0.00948274	0.000364274
1860	300	-0.00865293	0.000277748
1862	100	-0.00525504	0.000238407
1863	300	-0.00709324	0.00035192
1869	100	-0.00943372	0.000269025
1870	200	-0.00838639	0.000284839
1871	100	-0.0060511	0.000553092
1874	100	-0.00597143	0.000301266
1875	100	-0.00780362	0.000224792
1876	100	-0.00801921	0.000287253
1878	200	-0.00909257	0.000250578
1881	200	-0.0097478	0.000305383
1882	100	-0.00809856	0.000235765
1887	200	-0.00855486	0.000240516
1888	100	-0.00866478	0.000240863
1894	100	-0.00776555	0.00026937
1895	100	-0.00520312	0.000203304
1906	100	-0.00781303	0.000360566
1907	100	-0.00382128	0.000208148
1912	100	-0.0062885	0.000676035
1915	200	-0.00800112	0.000251194
1916	200	-0.00757375	0.000351929
1919	100	-0.00364384	0.000506734
1920	200	-0.00555961	0.000214127
1924	200	-0.0072051	0.000403181
1926	100	-0.00976933	0.00041302
1928	100	-0.00867741	0.000253656
1929	100	-0.00452916	0.000637311
1930	100	-0.00919258	0.000356323
1934	100	-0.00751783	0.000227326
1935	200	-0.00883015	0.000296703
1938	100	-0.00726278	0.000242232
1940	100	-0.00486533	0.000323187
1941	100	-0.00618916	0.000230125
1942	100	-9.48366e-05	0.00120257
1947	200	-0.00709586	0.000262315
1949	100	-0.00990249	0.000243649
1951	100	-0.00516638	0.000182844
1954	100	-0.00871625	0.000267977
1956	200	-0.00756455	0.000216731
1957	100	-0.00109084	0.00015645
1958	100	-0.00505633	0.000247656
1965	100	-0.00847064	0.000292116
1966	100	-0.00634279	0.000280408
1970	100	-0.00845934	0.000245187
1972	200	-0.00657937	0.000244462
1975	100	-0.00170976	0.00012026
1980	100	-0.00825641	0.000356765
1985	100	-0.001978	0.000170214
1987	200	-0.00487345	0.000224144
1990	100	-0.00157272	0.000143617
1992	100	-0.00473491	0.000218509
1996	100	-0.00770782	0.000199065
2003	100	-0.00567011	0.000221211
2014	100	-0.00587906	0.00033983
2019	100	-0.00357541	0.000176128
2020	100	-0.0090537	0.000269926
2025	100	-0.00109039	0.000180431
2026	100	-0.00059775	0.000189194
2032	200	-0.00717929	0.000255301
2033	300	-0.00441918	0.000305681
2036	100	-0.00338705	0.000397415
2039	100	-0.00755752	0.000908742
2040	100	-0.00622497	0.00018993
2044	100	-0.00653681	0.000302151
2047	100	-0.00460339	0.00023465
2051	100	-0.00559661	0.000197349
2053	100	-0.00829533	0.000297671
2054	100	-0.00797475	0.000226756
2055	100	-0.00740877	0.000226612
2057	100	-0.00159666	0.000173677
2058	100	-0.00560357	0.000286487
2059	100	-0.00890379	0.000264034
2066	100	-0.00498503	0.00068415
2068	100	-0.00679333	0.000175043
2072	200	-0.0043967	0.000183728
2074	100	-0.00807085	0.000253412
2080	100	-0.000593689	0.00015439
2083	100	-0.00808781	0.000365519
2087	300	-0.00681317	0.000225826
2092	200	-0.00220348	0.000204261
2099	100	-0.00451926	0.000158005
2100	100	-0.00239062	0.000135144
2101	100	-0.00744242	0.000200803
2107	100	-0.00679706	0.000212807
2113	100	-0.00765361	0.000245979
2121	100	-0.00555251	0.000423533
2126	100	-0.00554872	0.00024134
2129	100	0.00163268	0.00018796
2130	100	-0.00826545	0.000241822
2131	100	-0.0043785	0.000301822
2133	200	-0.00569086	0.00023867
2135	100	0.000696828	0.000198068
2137	200	-0.00638513	0.000200333
2139	100	-0.00727494	0.000245311
2142	100	-0.00729224	0.000215793
2147	200	-0.0043374	0.000373577
2149	100	-0.00931363	0.000276917
2154	100	-0.0061078	0.000229557
2159	100	-0.00647748	0.000286668
2160	100	-0.00569202	0.00018195
2161	200	-0.0047411	0.000200853
2163	100	-0.00672834	0.000215457
2165	100	-0.00421801	0.000206339
2166	100	-0.0075558	0.000263792
2168	100	-0.00581851	0.000225098
2172	100	-0.00578907	0.000183941
2173	100	-0.00370766	0.000332275
2174	100	-0.00567264	0.000232114
2175	100	-0.00190696	0.000157487
2176	200	-0.00441297	0.000206363
2178	100	-0.00343971	0.000281683
2179	100	-0.0017165	0.000159877
2182	100	-0.00775266	0.000215598
2184	200	-0.00405698	0.000194926
2189	100	-0.00691215	0.000261588
2190	100	-0.00613218	0.000249546
2193	200	-0.00234703	0.000205439
2195	200	-0.00589618	0.000168085
2197	100	-0.00967555	0.000304698
2198	100	-0.00730333	0.000250031
2201	200	-0.00529903	0.000245847
2208	200	-0.00473546	0.000199388
2210	100	-0.0062806	0.000270774
2214	300	-0.00252992	0.000199159
2216	100	-0.00780418	0.000331982
2217	400	-0.00417218	0.000253775
2218	100	-0.00852196	0.000243149
2219	100	-0.00855654	0.000210102
2220	100	-0.00389817	0.000220672
2221	100	-0.00483265	0.000343953
2223	100	-0.0033839	0.000354049
2224	100	-0.00465994	0.000220555
2226	300	-0.00608165	0.000227319
2235	100	-0.00599344	0.000532905
2238	100	0.0002351	0.000216129
2239	100	-0.00703113	0.00020686
2240	100	-0.00280277	0.000193152
2241	200	-0.00438178	0.000231379
2244	200	-0.00518194	0.000193912
2245	100	-0.000510399	0.000176298
2246	100	-0.00512641	0.000202531
2248	100	-0.00335807	0.000187735
2250	100	-0.00348856	0.000202709
2252	300	-0.00419809	0.000427918
2255	300	-0.00353689	0.00017131
2258	100	-0.00207305	0.000309707
2259	200	-0.00127142	0.000131674
2261	200	-0.00450376	0.000221988
2262	300	-0.00410079	0.000219116
2269	100	-0.00503559	0.000215225
2270	100	-0.00555826	0.000190671
2272	100	-0.00793141	0.000201911
2273	100	-0.00681073	0.000181608
2274	100	-0.00482106	0.000186229
2277	200	-0.00407613	0.000223246
2278	100	-0.00404509	0.000200109
2279	100	-0.00169264	0.000151268
2281	100	-0.00610834	0.000268496
2283	100	-0.0029587	0.000383852
2286	100	-0.00588965	0.000202286
2291	200	-0.00549733	0.000207327
2292	100	-0.00632047	0.000240793
2296	200	-0.00409463	0.000189266
2298	200	-0.00134203	0.000175564
2299	100	-0.00157076	0.000170738
2300	100	-0.00423555	0.000209083
2302	200	-0.00543507	0.000185374
2305	300	-0.0031623	0.000197945
2306	100	-0.0020526	0.000281194
2307	100	-0.00477274	0.000341728
2308	100	-0.00293431	0.000206045
2309	100	-0.0081442	0.000221326
2311	200	-0.00636566	0.000240412
2313	100	-0.00768228	0.000181594
2318	100	-0.00552132	0.000229315
2319	100	-0.00520056	0.000232035
2320	200	-0.00424018	0.00024468
2321	100	-0.00122304	0.000172056
2322	200	-0.00509479	0.00022766
2324	400	-0.00403576	0.000315132
2326	100	-0.0041696	0.000183661
2328	100	-0.00654161	0.000216134
2330	100	-0.000615365	0.000183731
2332	200	-0.00503769	0.000202285
2334	100	-0.00649833	0.000210463
2335	100	-0.00441642	0.000251736
2336	100	-0.00626204	0.000280382
2337	200	-0.00651417	0.00023501
2339	100	-0.00799632	0.000269316
2340	100	-0.00862676	0.000196273
2341	200	-0.00540563	0.00018217
2344	100	-0.00474149	0.000384927
2345	200	-0.00480213	0.000205759
2346	100	-0.00531784	0.000157029
2349	300	-0.00174361	0.000170926
2350	100	5.97347e-05	0.00107495
2351	100	-0.00327688	0.000231457
2353	200	-0.00510002	0.00020753
2359	100	-0.00596792	0.000202572
2360	100	0.000320711	0.000292704
2361	100	-0.00438014	0.000201886
2368	200	-0.00408571	0.000192996
2369	100	-0.00347516	0.000270343
2370	200	-0.00305288	0.000180344
2371	100	-0.00676073	0.000217372
2373	200	-0.00376781	0.000163607
2376	100	-0.00703263	0.000186629
2378	100	-0.00534779	0.000311475
2379	100	-0.00538808	0.000213097
2385	200	-0.00564116	0.000222295
2386	100	-0.00584046	0.000290503
2390	100	-0.0046219	0.000180585
2395	100	-0.00393534	0.000194266
2396	100	-0.0011613	0.000443978
2398	100	-0.00520466	0.000241255
2400	100	-0.00269995	0.000216116
2401	200	-0.00559669	0.000268607
2402	200	-0.0034331	0.000169961
2403	100	0.000928568	0.000193423
2408	200	-0.00477172	0.000301848
2411	100	-0.00566919	0.00021781
2412	200	-0.00476493	0.000241466
2413	200	-0.00440323	0.00024989
2416	100	-0.00254789	0.000316388
2417	100	-0.00279363	0.000246293
2418	200	-0.00463721	0.000169787
2420	100	-0.00602547	0.000160256
2422	100	-0.00599353	0.000188915
2423	100	-0.000683917	0.000186268
2424	100	-0.00422495	0.000174801
2425	100	-0.0048602	0.000223886
2428	100	-0.00602949	0.000211843
2429	100	-0.00633346	0.000192928
2430	100	-0.00189476	0.000271453
2434	100	-0.00572675	0.000273797
2436	100	-0.00585411	0.000235467
2437	100	-0.00424593	0.000243179
2438	100	-0.00423576	0.00016566
2439	200	-0.00406522	0.000224911
2440	100	-0.00448174	0.000310455
2441	100	-0.00640443	0.000248601
2442	100	-0.00350741	0.000180471
2446	100	-0.00751545	0.000249039
2447	100	-0.00482458	0.000218159
2448	100	-0.00262484	0.000185475
2449	300	-0.00199385	0.00137158
2451	100	-0.00459211	0.000424588
2452	100	-0.00543643	0.000186861
2456	100	-0.00550591	0.00016395
2458	100	-0.00101979	0.000145496
2462	100	-0.00513605	0.000193955
2463	200	-0.00680967	0.00021067
2466	100	-0.00445494	0.00025182
2467	100	-0.0050757	0.000285632
2469	300	-0.00336668	0.000192588
2470	100	-0.00193284	0.000136685
2471	100	-0.00364997	0.000162818
2472	100	-0.00442123	0.000144552
2473	100	-0.00529188	0.000281971
2475	100	0.000245428	0.000152705
2477	200	-0.000968198	0.000135998
2479	100	-0.00517619	0.000247669
2480	100	-0.00519812	0.000186762
2482	100	-0.00175996	0.00072916
2484	200	-0.00275065	0.00034257
2486	100	-0.00812568	0.00027851
2487	100	-0.00384391	0.000189037
2488	100	-0.00535579	0.0001834
2489	200	-0.00291297	0.000210675
2491	200	-0.00210726	0.000264503
2492	100	-0.00627354	0.000180109
2493	200	-0.00523434	0.000179993
2495	100	-0.00614001	0.000282619
2496	100	-0.00435754	0.000202482
2497	100	-0.00399418	0.000399477
2499	200	-0.00470694	0.000278578
2500	100	-0.0034788	0.000153299
2501	200	-0.00655257	0.000230735
2502	100	-0.00621461	0.000183104
2506	100	-0.00353165	0.000181284
2507	100	-0.00414762	0.00019006
2509	200	-0.00748174	0.000234269
2510	100	-0.00524123	0.000268248
2511	100	-0.0054533	0.000217239
2512	100	-0.00272285	0.000474101
2513	100	-0.00257836	0.000160555
2515	100	0.000917899	0.000172273
2516	200	-0.00392561	0.00018209
2517	100	-0.00658953	0.000212381
2519	100	-0.00495971	0.000226737
2520	100	0.000538635	0.000184695
2521	100	-0.00841966	0.00019517
2524	100	-0.00534008	0.000291802
2525	100	-0.00297196	0.000231359
2528	100	-0.00521454	0.000224341
2532	100	-0.00702001	0.000231198
2533	100	-0.00439325	0.000178249
2534	200	-0.00561332	0.000225187
2541	100	-0.00465023	0.000264979
2542	100	-0.0040055	0.000571312
2545	100	-0.00552371	0.000150564
2547	100	-0.0045969	0.00024381
2551	100	-0.00588233	0.000245465
2553	100	-0.00714696	0.000196769
2557	100	-0.00474853	0.000272264
2558	100	-0.00748322	0.000274612
2560	100	-0.00191352	0.000179658
2562	100	-0.00311376	0.000273249
2564	100	-0.00509776	0.000149012
2565	100	5.31014e-05	0.000138194
2566	100	-0.00498868	0.000168189
2568	100	-0.00402809	0.000193316
2569	100	-0.00372375	0.000249435
2571	100	-0.0046482	0.000186387
2572	200	-0.00539261	0.00026454
2574	100	-0.00359757	0.000172045
2575	100	-0.00599247	0.000264333
2577	100	-0.00550713	0.000237664
2578	100	-0.0050144	0.000187751
2581	200	-0.00520638	0.000257384
2582	100	-0.0012775	0.000139675
2585	100	-0.00449657	0.000221188
2587	200	-0.00372943	0.000266957
2588	200	-0.00175414	0.000208563
2589	100	-0.00365506	0.00030408
2590	200	-0.00549294	0.00019798
2591	100	-0.00436159	0.000170055
2592	100	-0.00392747	0.000210995
2593	100	-0.0036195	0.000300051
2594	100	-0.00520103	0.000215806
2597	100	-0.00396359	0.000178769
2599	100	-0.00409437	0.000180008
2600	200	-0.00456078	0.000227409
2602	200	-0.00486217	0.000166864
2605	100	-0.00313716	0.000243846
2608	100	-0.00627639	0.000184739
2609	200	-0.00528755	0.000270578
2610	100	-0.00241213	0.000188219
2611	100	-0.0035006	0.000713178
2612	100	0.00189299	0.00016415
2613	200	-0.00531752	0.000182136
2615	100	-0.006579	0.000176138
2618	300	-0.00640138	0.000202496
2620	100	-0.00189803	0.00026149
2621	200	-0.00495865	0.000214874
2623	200	-0.00334086	0.000308812
2626	300	-0.00251813	0.0002202
2628	100	-0.00673301	0.000186709
2629	100	-0.00506421	0.000166826
2631	100	-0.00432498	0.00034583
2636	100	-0.0046499	0.000216776
2637	100	-0.00542107	0.000210215
2640	100	-0.00714106	0.000220943
2642	100	0.00122211	0.000184289
2646	100	-0.00488427	0.000205475
2647	100	-0.00410719	0.00028188
2648	100	-0.00366087	0.000203923
2650	100	-0.00418274	0.000188765
2653	100	-0.00340551	0.000168844
2655	100	-0.00667945	0.000203251
2657	200	-0.00585908	0.000219031
2659	100	-0.00883556	0.00021636
2660	100	-0.00413521	0.000185016
2661	100	-0.00532559	0.000172561
2663	100	-0.000881785	0.000136998
2669	100	-0.00381411	0.000192169
2671	100	-0.000860617	0.00016053
2672	100	-0.00687619	0.000210884
2675	200	-0.0040678	0.000187293
2678	200	-0.0019328	0.000184405
2679	200	-0.00512676	0.000224493
2680	100	-0.00321302	0.000141535
2682	200	-0.00616232	0.000203285
2686	100	-0.00490175	0.000209303
2688	100	-0.00291963	0.000374448
2692	100	-0.00408869	0.000220037
2694	100	-0.00210807	0.000189989
2695	100	-0.00462615	0.000149745
2698	100	-0.00635214	0.000209662
2699	100	-0.00406158	0.000404254
2702	100	-0.00297601	0.000184748
2703	100	-0.00534914	0.000202985
2705	200	-0.00334969	0.000200457
2711	200	-0.00378433	0.000202989
2712	100	-0.00134816	0.000122591
2717	100	-0.00488778	0.000163193
2718	100	-0.00349129	0.000222394
2719	100	-0.00489845	0.000191592
2721	100	-0.00139951	0.000184596
2722	200	-0.00539823	0.000195074
2723	100	-0.0023149	0.000178839
2724	100	-0.0019893	0.000149901
2725	300	-0.00416597	0.000205371
2730	100	-0.00491613	0.000282376
2732	200	-0.00295107	0.000203226
2733	100	-0.00390675	0.000173184
2736	200	-0.00444947	0.000221147
2737	100	-0.0038512	0.000169026
2740	100	-0.0036887	0.000214212
2742	100	-0.00572574	0.000212354
2743	200	-0.00264916	0.000153404
2748	200	-0.00428404	0.000195493
2753	100	-0.0010447	0.000245848
2754	100	-0.00594749	0.000264145
2757	100	-0.00251666	0.000344056
2758	100	-0.00484266	0.000282464
2760	300	-0.00391914	0.000236743
2761	100	-0.00372452	0.000418645
2767	200	-0.00361323	0.000215343
2769	200	-0.00424911	0.000181078
2770	100	-0.00368221	0.000246551
2772	100	-0.00468838	0.000189141
2776	200	-0.00322283	0.000197413
2780	100	-0.00423765	0.000194453
2789	100	-0.00324063	0.000154088
2794	100	-0.00270055	0.000178541
2797	100	-0.0020813	0.000222878
2803	100	-0.00480779	0.000203637
2804	200	-0.00490822	0.000265343
2809	100	-0.0037995	0.00016662
2812	100	-0.00249233	0.000214108
2814	100	-0.00470124	0.000208371
2818	200	-0.00124742	0.000206815
2819	100	-0.00446414	0.000175138
2821	100	-0.00193879	0.000204729
2824	100	-0.00239933	0.000244024
2826	100	-0.00630484	0.000254086
2831	100	-0.00237284	0.00018026
2834	100	-0.000372502	0.000183769
2836	100	-0.00408414	0.000221656
2837	200	-0.00372005	0.000185095
2838	100	-0.00530383	0.000185177
2839	100	-0.00520012	0.000235886
2840	100	-0.00481477	0.000163919
2846	100	-0.00427203	0.000184528
2847	100	-0.00276871	0.000159439
2849	100	-0.00420271	0.000240168
2855	100	-0.00494458	0.000180881
2856	200	-0.00608608	0.00020793
2857	100	-0.00625738	0.000208828
2863	100	-0.00342063	0.000198575
2865	100	-0.0033731	0.000233067
2866	100	-0.00164987	0.000245912
2869	100	-0.00249629	0.000269589
2872	100	-0.00528503	0.000192044
2873	100	-0.000612167	0.000142938
2875	100	-0.00335774	0.000681327
2876	200	-0.00275276	0.000191528
2879	100	-0.00375885	0.000275398
2895	100	-0.00317937	0.00015548
2900	100	-0.00479996	0.000161065
2902	100	-0.00573002	0.000202146
2904	100	-0.00320632	0.000155237
2909	100	-0.00310002	0.000161019
2911	100	-0.0050089	0.000138476
2921	100	-0.00452326	0.000248714
2925	100	-0.00159698	0.000193305
2940	100	-0.00235394	0.000214092
2942	100	-0.0039112	0.000194901
2975	100	-0.00482994	0.000155414
2979	200	-0.00316687	0.000185777
2981	100	-0.00376367	0.000199934
2998	100	-0.00347026	0.000174211
3003	200	-0.004747	0.000165941
3004	100	-0.00228659	0.000231922
3017	100	0.000785523	0.000209624
3019	100	-0.00469336	0.000188639
3020	100	-0.00473302	0.000200149
3025	100	-0.00247518	0.000160172
3027	100	-0.00460676	0.000184044
3029	100	-0.003487	0.000158045
3033	100	-0.00309714	0.00015797
3039	100	-0.00397623	0.000197835
3043	100	-0.00329197	0.000181608
3044	100	-0.00421094	0.00021393
3046	100	-0.00221933	0.000176351
3055	100	0.000192399	0.000171977
3062	100	-0.00380538	0.000190151
3063	100	-0.00422138	0.000192026
3065	100	-0.0010077	0.000134683
3069	100	-0.000706069	0.000343325
3075	100	-0.00290835	0.00020059
3076	100	-0.00318097	0.000176231
3078	100	-0.00326944	0.00024356
3080	100	-0.00175834	0.000186236
3082	100	-0.00459992	0.00015723
3084	100	-0.0048666	0.000209624
3085	100	0.000631845	0.000179917
3106	100	-0.00312204	0.000207803
3117	200	-0.0027024	0.000231969
3119	100	-0.00552093	0.000268583
3124	100	-0.000612891	0.000138448
3136	100	-0.00390082	0.000193286
3137	100	-0.00267953	0.000145827
3138	100	0.00067671	0.000676204
3140	100	-0.00265907	0.000162744
3151	100	-0.00301263	0.000159759
3155	100	-0.000218357	0.000161781
3166	100	-0.00228831	0.00015515
3167	100	-0.00474005	0.000203718
3172	100	-0.00547024	0.000206829
3176	100	-0.00182572	0.000192934
3179	100	6.24634e-08	0.000181016
3186	200	-0.00270537	0.000179916
3192	100	0.00335696	0.000142131
3193	100	-0.00442765	0.000195057
3199	100	-0.00306766	0.000166142
3210	100	-0.00209795	0.000183955
3216	100	-0.00429602	0.000145132
3220	100	-0.00345681	0.000200433
3221	100	0.000513236	0.000197009
3242	100	-0.00402346	0.000219999
3244	100	-0.00129664	0.000134259
3250	100	-0.0012374	0.000160846
3255	100	-0.00208325	0.000248749
3259	100	-0.000777908	0.000205948
3261	100	-0.00567478	0.000194918
3275	100	-0.00157188	0.000281269
3278	100	-0.00393063	0.000195939
3281	100	-8.96265e-06	0.000191823
3286	100	-0.00102927	0.000141243
3287	100	-0.00441611	0.000142899
3296	100	-0.00175388	0.000255138
3298	100	-0.00182012	0.000197976
3304	100	-5.59819e-06	0.000145621
3306	100	-0.00220698	0.000153296
3313	200	-0.00274841	0.000190863
3316	100	-0.00201169	0.000153134
3328	100	-0.00429124	0.000226122
3347	100	-0.000854273	0.000208898
3350	100	-0.00428134	0.000239287
3354	100	-0.00372917	0.000230594
3356	100	0.00128734	0.000227424
3360	100	-0.00233744	0.000151989
3366	100	-0.0022875	0.000190523
3368	100	-0.000672031	0.000230537
3373	100	-0.00225726	0.000328894
3374	100	-0.00353648	0.000159673
3375	100	-0.00609987	0.000154864
3379	200	-0.00359859	0.000197279
3381	100	-0.00448697	0.000166415
3384	100	0.00192951	0.000175006
3389	200	-0.00368034	0.000182751
3390	100	-0.00132061	0.00040982
3401	100	-0.00461857	0.000211941
3405	100	-0.00566978	0.000181933
3414	200	-0.00203057	0.000177165
3430	100	-0.00281341	0.000319838
3436	100	0.000385026	0.000168578
3438	100	-0.00199693	0.000185311
3442	100	0.00078132	0.000208248
3446	100	-0.00232053	0.000198739
3455	100	-0.00233007	0.000225455
3458	100	-0.00293759	0.00018749
3461	100	-0.00177324	0.000173908
3468	100	-0.0010789	0.000229969
3472	100	-0.00341177	0.000205496
3475	100	-0.00158973	0.000194803
3480	100	-0.00279402	0.00022273
3487	100	-0.00378576	0.000216061
3488	100	-0.00189457	0.000196972
3495	100	-0.00315308	0.000179853
3496	100	-0.00389946	0.000212287
3503	100	-0.00593908	0.000196091
3510	100	-0.00382879	0.000169333
3525	100	-0.000354336	0.00017072
3530	100	-0.00180814	0.00018253
3535	100	-0.000453992	0.000200875
3540	100	0.000717591	0.000157732
3548	100	-0.00450378	0.000162874
3549	100	-0.00389203	0.000195505
3550	100	-0.00241184	0.000196213
3554	200	-0.00285108	0.000183331
3557	100	-0.00306581	0.00019133
3558	100	-0.00281311	0.00018126
3561	100	-0.00126939	0.000151163
3568	100	-0.00390206	0.000174488
3570	100	0.0016701	0.000144553
3578	100	-0.00390821	0.00025072
3584	200	-0.00277469	0.000168908
3588	100	-0.000989561	0.000166847
3591	100	-0.00214109	0.000237082
3600	100	-0.00455812	0.000257616
3602	100	-0.00268491	0.000170165
3605	100	-0.0019557	0.000173855
3611	100	-0.000699332	0.000184522
3634	100	-0.0024055	0.000218687
3635	100	-0.00236709	0.000153526
3636	100	-0.00124477	0.000229949
3644	100	-0.00125712	0.000211343
3648	100	-0.00368153	0.00024532
3650	100	-0.000875454	0.000142826
3658	100	-0.00384183	0.000186267
3661	100	-0.00133109	0.000193179
3664	100	-0.00392873	0.000176159
3678	100	-0.00658413	0.000224122
3680	200	-0.000230009	0.000211955
3693	100	0.00263616	0.000174424
3698	100	-0.00246291	0.000181238
3705	200	0.000992935	0.000168172
3712	100	-0.00196869	0.000186673
3725	100	-0.00194414	0.000227373
3735	200	-0.00460191	0.000215476
3748	100	0.00237328	0.000140652
3754	100	0.00111654	0.000115011
3761	100	-0.000203602	0.000115838
3766	100	-0.00140328	0.000119375
3770	100	-0.0019515	0.000168508
3772	100	-0.000217526	0.000173873
3776	100	-0.00394545	0.000166877
3781	100	-0.000363609	0.000181362
3795	100	-0.00106395	0.000159695
3798	100	-0.000637653	0.000177519
3803	100	-0.00338188	0.000186198
3807	100	-0.000680006	0.00015551
3808	100	-0.003149	0.000169816
3827	100	-0.00228612	0.000149816
3831	100	-0.00155073	0.000131528
3833	100	-0.00140194	0.000111631
3839	100	-0.00126273	0.000112716
3848	100	-0.00209553	0.000132975
3852	200	-0.00383457	0.00012976
3854	100	-0.00166326	0.000137402
3894	100	-0.00408567	0.000138619
3902	100	0.0017146	0.000165447
3904	100	-0.00366851	0.000162411
3906	100	-0.0022978	0.000137395
3909	200	-0.000827438	0.000197959
3914	100	-0.00293348	0.000164285
3915	100	0.00180099	9.63384e-05
3916	100	0.000652486	0.000112723
3927	100	-0.0012556	0.000124254
3934	100	-0.00253359	0.000117972
3945	100	-0.00321117	0.000134956
3947	100	-0.0058032	0.000151079
3949	100	8.60563e-05	0.000106488
3970	100	-0.0028339	0.000157585
3973	100	-0.00312619	0.000191005
4001	100	-0.00318514	0.000206556
4021	100	-0.00208812	0.00012614
4022	100	-0.00473775	0.00017479
4028	100	-0.00372067	0.000149002
4042	100	-0.00266265	0.000159437
4058	100	-0.00243841	0.00013445
4062	100	-0.00283116	0.000132604
4064	100	0.000766249	0.000131465
4070	100	0.00120286	0.000144256
4071	100	-0.000629433	0.000106206
4076	100	-0.00433619	0.000142118
4082	100	-0.00549715	0.000162385
4084	100	-0.000188652	0.000232243
4095	100	0.000751228	0.000107191
4096	100	-0.00130835	0.000156745
4102	100	-0.00174462	9.29097e-05
4120	100	-0.00292374	0.000117853
4126	100	3.8876e-05	0.000123511
4143	100	0.000361837	0.000109017
4151	100	-7.63581e-05	0.000128108
4154	200	-0.00239911	0.000144561
4158	100	-0.000919512	0.000113323
4168	100	-0.00186872	0.000141419
4170	100	0.000563304	0.000101445
4178	100	7.76249e-05	0.000183662
4182	100	-0.000513789	0.000120769
4195	200	0.000414774	0.000123704
4199	100	5.63502e-05	0.000124416
4200	100	-0.00200355	0.000163266
4208	100	-0.00373238	0.000123379
4215	100	0.000120876	0.000109301
4230	100	-0.00150779	0.000198884
4241	100	0.000133397	0.000129177
4248	100	-0.00172127	0.000160647
4269	100	0.000155611	0.00011898
4274	100	-0.00205251	0.00014275
4282	100	-0.00170411	0.000140851
4297	100	-0.000324566	0.000112351
4304	100	-0.00139085	0.000127881
4308	200	-0.000407988	0.000157133
4310	200	-1.5857e-05	0.000262923
4316	100	-0.000884267	0.000110616
4317	100	-0.0024385	0.000171823
4321	100	-0.0019954	0.000138327
4324	100	-0.00345383	0.000135694
4342	100	-0.00237355	0.000130121
4345	100	-3.3887e-05	0.000124876
4348	100	0.00056563	0.000144097
4358	100	0.00121543	0.000114624
4359	100	0.000105039	9.38861e-05
4365	100	-0.0011717	8.55003e-05
4366	100	-0.00176835	0.000141422
4389	100	-0.00244253	0.000135522
4391	100	-0.00100369	0.000147031
4393	200	-0.000677304	0.00015487
4400	100	-0.000789337	9.51661e-05
4405	100	-0.00338606	0.000141299
4406	100	0.000686846	0.00011494
4410	100	-0.000124954	0.000123548
4420	100	-0.00129697	0.000161898
4421	100	-0.000605374	0.000134633
4424	100	-0.000405337	8.86773e-05
4425	100	-0.000726046	0.000103141
4435	100	0.00273287	0.000131699
4439	100	0.00156688	0.000119734
4441	100	-0.00310817	0.000227114
4443	100	0.000612847	0.000132029
4449	100	0.000816041	0.000109935
4451	100	-0.0011127	0.000138703
4454	100	-0.00107815	0.000149241
4457	100	-0.00380282	0.000161367
4461	100	0.000820709	0.000307167
4463	100	-0.00183497	0.000131783
4466	100	0.00144697	0.000119901
4469	100	0.00114127	0.000149785
4480	100	0.00079972	0.000100671
4490	200	-0.00233306	0.000114749
4491	100	-0.000172538	0.000126246
4499	100	-0.00270688	0.000132405
4503	100	-0.00115986	0.000139584
4517	100	-0.000603184	0.000119317
4522	100	-0.000955626	0.000116891
4547	100	0.000464887	0.00013524
4566	100	-0.00243651	0.000146018
4575	100	-0.00353025	0.000112016
4593	100	2.44305e-05	0.000102873
4596	100	-0.00363799	0.000148674
4602	100	-0.000649507	0.00010956
4604	100	0.000770179	0.000104557
4609	100	-0.000509656	0.000144055
4612	100	0.00185428	0.000102435
4618	100	0.00161639	0.000103084
4632	100	0.00104164	0.000131977
4639	100	-0.00235873	0.000155548
4640	100	0.00179617	0.000105207
4660	100	-0.00138308	0.000124386
4662	100	-0.000457412	0.000143219
4663	200	-5.83549e-05	0.00013429
4674	200	0.000721328	0.000105905
4681	100	0.000608336	0.000217873
4706	100	-0.00209387	0.000115876
4707	100	-0.000586264	0.000113033
4708	100	-0.00432099	0.000140647
4714	100	0.000719861	0.0001128
4717	100	-0.000524771	0.000135773
4721	200	0.000373072	0.0001042
4739	100	-0.00106859	0.00022571
4759	100	0.000757241	0.000142148
4765	100	-0.000657406	0.000198298
4778	100	0.00162732	0.000122696
4781	100	0.00290496	0.000149634
4790	100	-0.000883966	0.000118921
4794	100	0.00082132	9.40083e-05
4798	100	-0.000800406	0.000153008
4820	100	-0.00124888	0.000111329
4824	100	0.00087671	0.000107248
4826	100	-6.58686e-05	9.7446e-05
4827	100	0.000194632	0.000125234
4828	100	-0.00181632	0.000106814
4831	100	0.00092259	0.000117156
4839	100	-0.000497356	0.000180971
4841	100	0.00213928	0.000111602
4847	100	-0.00069458	0.000102399
4855	100	-0.00056061	0.000113196
4865	100	0.00284208	0.000157439
4888	100	0.00202805	0.000114098
4891	100	0.00108867	0.000118075
4894	100	-0.000174848	0.000113418
4896	100	-0.0022712	0.000102659
4904	100	0.00140857	0.000147973
4929	100	-0.00158728	0.000126208
4931	100	-0.000648049	0.000155966
4946	100	0.00144277	0.000133259
4975	100	0.00188023	0.000126444
5018	100	-0.000357582	0.00012087
5026	100	-0.00240697	0.000162428
5035	100	-0.001977	0.000121687
5040	100	-0.00139007	0.000114912
5067	100	0.00173796	0.000128453
5089	100	0.000464271	0.000149114
5099	100	-0.00267127	0.000145299
5105	100	-0.00103263	0.000106604
5125	100	-0.000526532	0.000111575
5142	100	0.00187794	9.59555e-05
5152	200	0.000470235	0.000120357
5166	200	-0.000252036	0.000119315
5172	200	-0.000317465	0.000109568
5175	100	0.00111671	0.000136782
5191	100	0.00273311	0.00012911
5192	100	-0.000758603	0.000135399
5198	100	0.000621818	0.000153449
5199	100	0.00263179	0.000159585
5201	100	-0.000644844	0.00017746
5217	200	-0.000270788	0.00013412
5223	100	-0.00105079	0.000149485
5241	100	-0.00181464	0.000116655
5252	100	0.00018237	0.000172201
5269	100	-0.00221709	0.000137156
5271	100	0.00019969	0.000137109
5284	100	0.00163722	0.000110674
5330	100	-0.00209707	0.00012758
5333	100	0.000660569	0.000129217
5356	100	0.000160178	0.000121951
5385	100	-0.00270798	0.000114728
5407	100	0.000656098	0.000125963
5414	100	-0.000721159	0.000109212
5427	100	5.10292e-05	0.000109423
5442	100	0.000447169	0.000129581
5499	100	0.00131951	0.000124552
5504	100	0.0020317	0.000289394
5507	100	-0.00126876	0.000127215
5508	200	-0.00105807	0.000106692
5510	100	-0.00106567	0.000111262
5512	100	-0.000739738	0.000138524
5534	100	0.000483691	0.00010802
5544	100	0.00237932	0.000123988
5611	100	0.000919058	0.000147588
5617	100	-4.41107e-05	0.000209192
5641	100	0.00221669	0.000144917
5694	100	-0.000236251	0.00011147
5730	100	0.00171283	0.000147681
5767	100	-0.000877797	0.000124174
5825	100	-0.000629733	0.000104802
5828	100	-0.000362546	0.000110951
5847	100	0.00191299	0.000124802
5892	100	0.00157599	0.000157085
5897	100	0.000163089	0.000122084
5974	100	0.000971738	9.5129e-05
5981	100	1.15829e-05	9.99549e-05
6000	100	-0.00018393	0.000155023
6018	100	0.000285606	0.000117799
6040	100	0.000355726	0.000137911
6053	100	0.00171745	0.000130206
6058	100	-0.000593912	0.000120589
6066	100	0.00152586	0.000136483
6073	100	0.00161763	0.00014565
6078	100	0.00144574	0.000152538
6084	100	0.000500172	0.000140644
6087	100	0.00122052	0.000126882
6094	100	0.00161605	9.66929e-05
6098	100	-0.00209169	0.000119885
6111	100	0.00097884	0.000128439
6125	100	-7.36394e-06	0.000112813
6147	100	0.00081846	0.000204955
6150	100	0.00179303	0.000120858
6157	100	-0.000384197	0.000124148
6166	100	0.00178333	0.000157347
6178	100	0.00234158	0.000113384
6206	100	0.00157349	0.000145155
6210	100	-0.00154553	0.00014285
6214	100	0.00207756	0.00011418
6220	100	0.00158315	0.000192363
6243	100	0.000448938	0.000106175
6244	100	-0.000657301	0.000146068
6253	100	0.00161998	0.000148878
6260	100	-6.79984e-06	0.000126225
6262	100	-0.000947332	0.000140819
6264	100	-0.000326067	0.000133119
6293	100	4.63824e-05	0.00016997
6303	200	0.000800974	0.00014199
6325	100	-0.00145459	0.000107814
6326	100	6.75467e-05	9.83435e-05
6329	100	0.000484198	0.00015507
6330	100	0.000317345	0.000126082
6332	100	-0.00120213	0.000115406
6340	100	0.00116482	0.000184926
6350	100	-0.000254701	0.00012811
6362	100	-0.00118898	0.000125517
6363	100	0.00157159	0.000159001
6370	100	-0.000933814	0.000118085
6371	100	0.000853692	0.000128462
6375	200	0.00166298	0.000161136
6376	100	0.000510465	0.000120681
6383	100	0.000640338	0.000121557
6387	100	0.000532584	0.000118483
6391	100	0.00263241	0.000137683
6402	100	-0.00123945	0.000135783
6414	100	-0.000345502	0.000112997
6418	100	-0.000202233	0.000143981
6437	100	-0.00103755	0.000140883
6439	100	0.000862424	0.000149485
6440	100	-0.000124531	0.000112203
6441	100	0.000471288	0.000113603
6457	100	0.00014581	0.000133002
6468	100	-0.000870787	0.000154844
6472	200	0.000128037	0.000121343
6479	100	-0.000346898	0.000134715
6480	100	-0.00313212	0.000136568
6484	100	0.00223433	0.000228503
6485	100	-0.000425935	0.000131977
6491	100	-0.00114485	0.000126768
6493	100	-0.00154463	9.68974e-05
6495	100	0.00264111	0.000153885
6500	100	-0.000735077	0.000124143
6506	100	-0.000133603	0.000106766
6511	100	-0.00011037	0.000116608
6516	200	-0.000840288	0.00014826
6521	100	0.00126902	0.000158986
6530	100	0.000736515	0.000200329
6541	100	-0.000272878	0.000151331
6551	100	-0.00180331	0.000105701
6555	100	0.00131696	0.000149342
6557	100	0.00118512	0.000125978
6565	100	-0.000335116	0.000126909
6569	100	0.000685302	0.000176868
6595	100	0.0028685	0.000137927
6601	100	-0.00259799	0.000110333
6602	100	-0.000549259	0.000120648
6604	200	-0.00104247	0.000141408
6614	200	7.50929e-05	0.000152617
6616	100	0.000712642	0.000132346
6628	100	-0.0005195	0.000141286
6634	100	-0.000765058	0.000132348
6638	100	0.000124869	0.000129055
6644	100	-0.00186985	0.000128683
6655	100	0.000483667	0.000137453
6661	100	-0.00126092	0.000117637
6666	100	0.000563957	0.000185517
6669	100	-0.000669665	0.000187712
6671	100	8.77384e-06	0.000113174
6674	100	-0.00171226	0.000187891
6678	100	0.00102441	0.000122967
6698	100	0.000518671	0.000130373
6706	100	1.16582e-05	0.000123737
6708	100	-0.000989975	0.000117137
6715	100	-0.000197698	0.000109747
6716	100	-0.000470042	0.000122782
6719	100	0.000759216	0.000133547
6728	100	0.00115204	0.00011434
6731	200	0.000384786	0.000132026
6737	100	-0.00176867	0.000156511
6741	100	0.0021538	0.000135826
6744	100	-0.000605634	0.000141103
6745	100	0.00189618	0.000176286
6749	100	0.000179951	0.000154336
6754	100	-0.00200329	0.000119936
6762	100	0.000698403	0.00012775
6767	100	-0.000124088	0.000155075
6787	100	0.00304149	0.000160734
6793	100	0.00088454	9.53254e-05
6804	100	0.000125218	0.000122824
6813	100	-0.00111957	0.000152023
6815	100	0.00209764	0.000131263
6816	100	0.000724421	0.000125778
6819	100	0.000609995	0.000158854
6820	100	-0.000793361	0.000152483
6823	100	0.0012438	0.000117991
6826	100	8.1532e-06	0.000135461
6829	100	0.00120125	0.000268162
6831	100	0.00242422	0.000334448
6834	100	-0.000347972	9.07287e-05
6839	100	0.000323371	0.000133102
6844	100	-0.000273166	0.000140069
6847	100	-0.00189007	0.000170195
6856	100	-0.00183185	0.000140833
6861	100	0.000262053	0.000158258
6862	100	0.00156147	0.000163288
6869	100	-0.00286949	0.000123607
6881	100	0.00135993	0.000123828
6896	100	-3.65154e-05	0.000131828
6902	100	-0.000638412	0.000166544
6903	100	-0.0002066	0.000152679
6905	100	0.000265922	0.000138948
6920	200	-0.00123486	0.000118699
6928	100	-0.000680878	0.000114451
6929	100	-0.00032927	0.000164786
6940	200	0.000228016	0.000149215
6944	100	9.96098e-05	0.000152124
6946	100	0.000323911	0.000100651
6953	100	-0.000694791	0.000145283
6961	100	-0.0018757	0.000134705
6962	100	0.000582897	0.000122865
6976	200	-3.62523e-05	0.000156619
6978	100	-0.000636855	0.000148334
6990	100	-0.000487797	0.000148477
6992	100	-8.38625e-05	0.000126861
6997	100	0.00057914	0.000143286
7012	100	0.0013258	0.000142129
7013	100	0.00166636	0.000180081
7016	100	0.000423043	0.00018354
7021	100	-0.000221298	0.00011612
7024	100	0.000867633	0.000109231
7047	100	-0.000420782	0.000127014
7058	100	-0.0005928	0.000132632
7059	100	-0.000550665	9.68026e-05
7071	200	0.000785465	0.000147615
7080	200	-7.17649e-05	0.000134231
7084	100	-0.00119033	0.000113608
7093	100	0.000677056	0.000132227
7095	100	-6.12151e-05	0.000105694
7103	100	0.000340643	0.000124882
7121	100	-0.00290068	0.000182734
7127	100	0.000699287	0.000144308
7146	100	-0.000513345	0.000158509
7147	100	-0.00074951	0.000116372
7156	100	-9.81657e-05	0.00012812
7192	100	6.92204e-05	0.000134867
7199	100	-0.00246991	0.000104025
7217	100	0.000538056	0.000169318
7224	100	-0.00198896	0.000118821
7235	100	-0.00146076	0.000154444
7239	100	0.000304149	0.000160346
7249	100	-0.00235875	0.000147428
7252	100	-0.000163167	0.000117185
7256	200	0.00107886	0.00015118
7261	100	-4.29357e-05	0.000110722
7266	100	0.00172925	0.000155385
7277	100	0.0011259	0.000196545
7284	100	-0.00167027	0.000139515
7306	100	0.000180833	0.000114195
7346	100	0.000626588	0.000138728
7350	100	0.000913625	0.000129427
7353	100	-0.000364852	0.000127656
7354	100	0.00171081	0.000163502
7363	100	-0.000304449	0.000114261
7367	100	-0.000378524	0.000126635
7368	100	0.00222705	0.000145655
7376	100	-0.00120006	0.000152431
7380	100	0.00066125	0.00017491
7394	100	-0.000518711	0.000122597
7398	100	0.00212252	0.00014202
7404	100	-0.00140082	0.000128728
7419	100	0.000312381	0.000114348
7425	100	0.00112849	0.000139963
7427	100	-7.93e-05	0.000125725
7450	100	0.000412831	9.7565e-05
7470	100	0.000667937	0.000169285
7473	100	0.00281685	0.000136754
7480	200	-0.00010218	0.000128837
7494	100	0.000227737	0.000121421
7497	200	0.00180068	0.000113163
7503	100	-0.000506835	0.000138721
7505	100	0.00108986	0.000112244
7507	100	0.000767074	0.000138801
7510	100	0.000785603	0.000140449
7512	100	-0.00330465	0.000143449
7513	100	-0.00110771	0.000112542
7518	200	0.000382813	0.000127264
7529	100	0.000622706	0.000140941
7542	100	0.000238904	0.0001564
7546	100	0.000695875	0.000129923
7549	100	0.000320978	0.000119392
7552	200	0.000428711	0.000134764
7556	300	0.000401891	0.000132418
7570	100	-0.000290619	0.000112063
7583	100	-0.00116553	0.000135637
7590	100	-0.000277774	0.000126079
7602	100	0.000557532	0.000120816
7609	100	-0.00184107	0.000101022
7612	100	-0.00452929	0.000157942
7619	100	0.00115603	0.000121724
7621	100	-0.00138195	0.000144881
7629	100	-0.000325904	0.000150348
7630	100	-0.000566355	0.000131694
7634	100	0.000280003	0.000120819
7639	100	0.00147698	0.000137127
7642	100	0.00177119	0.000174485
7643	100	-0.00060672	0.000123748
7650	200	0.000882151	0.000116957
7659	100	-0.000841703	0.000179522
7670	100	0.000145409	0.000152285
7673	100	-0.00264534	0.000153891
7690	100	-0.00105758	0.000144388
7704	100	-0.000430071	0.00020487
7706	100	-0.00158952	0.000112112
7707	100	-0.00358502	0.000135033
7711	100	-0.0013148	0.000140904
7712	100	-0.00184659	0.000143896
7719	100	0.000219379	0.000117173
7722	100	-0.000417381	0.000111717
7724	100	-0.000572102	0.000123788
7726	100	0.00074395	0.000121437
7727	100	0.00188175	0.000160403
7734	100	0.000632917	0.000117172
7737	100	-0.00197559	0.000152046
7739	100	0.000914743	0.000127686
7742	100	0.0013806	0.000117351
7745	100	0.000439136	0.000109277
7748	100	-0.000279959	0.000165352
7749	100	-0.000391045	0.000114478
7761	200	-0.000478161	0.000124353
7763	100	-0.000564487	0.00013522
7773	100	-0.000579652	0.00016012
7783	100	0.000197827	0.000168802
7796	100	-0.0017127	0.00012537
7799	100	-0.00188431	0.000124755
7800	100	-0.000561357	0.000111849
7814	100	0.000337652	0.000139744
7937	100	0.00208915	0.000133741
7967	100	0.000701758	0.000146674
7998	100	0.000594423	0.000129795
8216	100	-0.000502809	0.000123306
8255	100	0.00186052	0.000148613
8422	100	0.00133414	0.000134791
8434	100	-0.00191316	0.000160314
8600	100	0.000862868	0.000127245
8809	100	0.000823569	0.000152367
8894	100	0.00348619	0.000137757
9122	100	6.55429e-05	0.00013852
9486	100	-0.000351046	0.000127403
9624	100	0.00146463	0.000128029
9653	100	-0.000409722	0.000136679
9704	100	-0.000345618	0.000117769
9732	100	0.00171349	0.000126175
9876	100	-0.00148211	0.000143383
9954	100	0.00280147	0.000149328
10106	100	0.00100486	0.0001619
10125	100	0.000276558	0.000134411
10130	100	0.000684941	0.000127024
10180	100	0.00201962	0.000167473
10187	100	2.78237e-06	0.000131899
10199	100	0.00189435	0.000127018
10269	100	0.00130583	0.000139133
10320	100	-0.00112172	0.000189925
10355	100	0.000673272	0.00012204
10381	100	0.000101405	0.000150504
10419	100	0.000347124	0.00013782
10448	100	-0.000558366	0.000130522
10483	100	-0.00109987	0.000154504
10512	100	0.00263066	0.000127871
10528	100	0.000629796	0.000169342
10531	100	0.000549238	0.000176239
10533	100	0.000524775	0.000135587
10538	100	-0.00176918	0.000117215
10548	100	0.000771537	0.00014212
10555	100	0.000924887	0.000107553
10583	100	-0.00199187	0.000157985
10589	100	-0.000176985	0.000119579
10591	100	-0.000147729	0.000113549
10603	100	-0.00168915	0.000168311
10608	100	0.000385107	0.00012918
10644	100	-0.00190525	0.000166217
10648	100	0.000583534	0.000142194
10652	100	-0.00137829	0.000185563
10664	100	-0.00250963	0.000125157
10684	100	-0.00117301	0.000149588
10708	100	4.67606e-05	0.00013151
10713	100	-0.000267055	0.000129655
10721	100	-0.00170502	0.000131219
10723	100	-0.000812209	0.000139335
10743	100	0.000421043	0.000136244
10747	100	5.21358e-05	0.000147625
10761	100	0.00322901	0.000147841
10769	100	-0.000945021	0.0001361
10775	100	0.000896386	0.000127976
10790	100	-0.00106274	0.000122904
10820	100	0.000647698	0.000168469
10829	100	-0.000603768	0.000126656
10833	100	-0.000727074	0.000131628
10841	100	-0.000425818	0.000162095
10842	100	-0.000299394	0.000145818
10858	100	0.000913727	0.00013834
10859	200	-0.000901801	0.000138545
10862	100	-0.00127045	0.000181891
10868	100	-0.00187238	0.000122897
10941	100	0.000993536	0.0001331
10952	100	-0.00154142	0.000166219
10961	100	-0.00109286	0.000113855
10980	100	-0.000460916	0.000142912
10988	100	-0.00265775	0.000120496
11006	100	0.000265884	0.000126572
11010	100	0.000120294	0.000116472
11027	100	-0.000450876	0.000155997
11036	100	-0.00148202	0.000127529
11058	100	-0.000414407	0.000159581
11084	100	-0.000942741	0.000114935
11097	100	-0.000146071	0.000138111
11108	100	-0.00223959	0.00014703
11160	100	-0.0009421	0.000125807
11168	100	0.000924176	0.000125816
11278	100	-0.00154177	0.000133839
11402	100	-0.00166581	0.000148785
11416	100	-0.000201704	0.000155349
11458	100	0.00145785	0.000169152
11485	100	9.51049e-05	0.000190262
11535	100	-0.00192924	0.000153541
11554	100	-0.000111068	0.000140037
11624	100	-0.00147707	0.00017571
11679	100	0.00288093	0.000100774
11698	100	0.000353963	0.000163993
11719	100	0.000355189	0.000158209
11856	100	0.000816952	0.000193829
11904	100	-0.000759642	0.000146514
11944	100	-0.000178531	0.000117977
12069	100	0.000307771	0.000120963
12182	100	-3.23692e-05	0.000159258
12416	100	0.000545145	0.000140831
12524	100	-0.000101716	0.000113574
21855	100	-0.0017531	0.000146829
34630	100	-0.000274393	0.000162174
