10	7119900	0.000577672	0.855863
11	5777100	0.00178681	0.706659
12	4805300	0.00101989	0.595033
13	4060400	0.000985203	0.508478
14	3477400	0.000918821	0.440674
15	3040000	0.00114754	0.385701
16	2685300	0.00102991	0.34048
17	2338100	0.00158074	0.301753
18	2040700	0.000292539	0.268856
19	1818100	0.00114071	0.241651
20	1617200	0.000912173	0.216166
21	1405100	0.000698361	0.196227
22	1257600	0.00104767	0.178186
23	1126000	0.000747875	0.161316
24	1006700	0.00142527	0.146647
25	873900	0.00040247	0.13216
26	770400	0.00036668	0.121215
27	712200	0.000922165	0.111533
28	645300	0.000583044	0.102633
29	586700	0.000226193	0.0953581
30	542600	0.000748345	0.0882625
31	506700	4.34484e-05	0.0830452
32	569900	0.000793	0.0824027
33	484900	0.000344726	0.0750539
34	416400	0.00133666	0.0675393
35	396200	0.000269263	0.062967
36	371900	0.000490808	0.0599032
37	338900	0.000719719	0.0563755
38	352200	0.000491459	0.054223
39	345300	0.000502771	0.0515188
40	286400	0.000407045	0.0470748
41	285800	-0.000754511	0.0448528
42	267400	0.000237035	0.0431788
43	252600	0.000169352	0.0409758
44	257300	0.000385789	0.0389364
45	249300	-1.84715e-05	0.0370549
46	227900	3.58311e-05	0.0356073
47	236900	6.1989e-05	0.0351332
48	225300	0.000171295	0.0330029
49	206600	0.000758273	0.0327172
50	205300	0.000317735	0.0315738
51	201000	0.000229909	0.030211
52	193600	0.000387893	0.0290969
53	192300	0.000679958	0.0291758
54	188700	0.000440731	0.0283353
55	167200	0.000146178	0.0269056
56	161000	0.000486476	0.0256593
57	150100	0.000747685	0.0251424
58	151000	0.00108284	0.02441
59	133300	4.57395e-05	0.0234664
60	140800	0.000484397	0.0222856
61	135800	0.00103377	0.0222328
62	137200	0.000526587	0.0216913
63	122400	0.00013662	0.0209456
64	118100	0.00105338	0.0201378
65	116700	0.000644276	0.0195016
66	115400	0.00112779	0.0189068
67	112600	0.000454209	0.0184313
68	109700	0.000695032	0.0181494
69	98900	-0.000175598	0.0173918
70	97000	5.03988e-05	0.0167141
71	91000	0.00039288	0.0166118
72	91200	-0.000403398	0.0158602
73	97200	0.000613256	0.0156769
74	84000	0.000595573	0.0150877
75	82400	0.000612671	0.0145795
76	86400	0.000185705	0.0141544
77	92500	-0.000155835	0.0141678
78	96900	0.000268135	0.0145246
79	105700	0.000230678	0.0145102
80	102300	0.00062776	0.014052
81	88700	0.000996922	0.0134962
82	69100	0.00021431	0.0122629
83	55700	0.000334448	0.0114132
84	53700	0.00028905	0.0114736
85	53000	0.000189317	0.0108739
86	51300	0.000540286	0.0105023
87	51200	0.000610379	0.0104249
88	53900	6.61634e-05	0.0101167
89	49800	0.000647083	0.00994366
90	45800	9.46644e-06	0.00951497
91	43700	0.000601631	0.00923131
92	39900	0.000358517	0.00905449
93	43900	0.00107417	0.009107
94	45100	0.00133168	0.00887501
95	38900	0.000801855	0.00874461
96	37300	4.07056e-05	0.00840759
97	35000	-0.000281619	0.00826115
98	35300	0.00100812	0.00792145
99	33800	-0.000170902	0.00781673
100	34500	0.000459516	0.00759676
101	34500	0.000468573	0.00748494
102	30100	0.000735601	0.00737856
103	34200	-3.96231e-05	0.00720728
104	30200	0.000242864	0.00698224
105	29300	0.000225769	0.00699763
106	29800	0.000955247	0.00665007
107	31500	0.00104636	0.00641468
108	29200	0.000292248	0.00641181
109	27700	0.000216949	0.00626538
110	29600	0.000410509	0.00616665
111	26800	0.00105814	0.00606518
112	27900	3.43479e-05	0.00592574
113	32200	0.000217443	0.00593912
114	28700	0.000393572	0.00577152
115	28200	-0.000236458	0.0056403
116	27100	-0.000620437	0.00559207
117	27900	0.000558878	0.00542715
118	29300	0.000327634	0.0053103
119	28900	0.000661626	0.00516946
120	29000	0.000562462	0.00513021
121	26300	-1.16226e-05	0.00517
122	26700	-0.000361031	0.00491342
123	21100	-0.000767223	0.00481057
124	23500	0.000286051	0.00485287
125	24600	0.000817835	0.0046569
126	22200	0.000601519	0.00459001
127	23800	0.000495367	0.00451102
128	21200	0.000503653	0.00465903
129	20800	0.000413443	0.0045527
130	20900	0.000649527	0.00431679
131	17100	0.000921252	0.00438022
132	16800	-0.000500954	0.00437328
133	19800	0.000122509	0.00419265
134	18800	0.000136032	0.0040667
135	16700	0.000623131	0.00409817
136	16900	-0.000137031	0.00420705
137	18300	0.000694653	0.00399589
138	16100	0.000825421	0.00403874
139	15100	0.000762595	0.00413353
140	15600	0.000367248	0.0041032
141	15700	0.000229065	0.00406876
142	20700	-0.000421746	0.00419881
143	17800	0.00066647	0.00403487
144	17100	-0.000207877	0.00405597
145	17000	0.0003733	0.00408977
146	16900	0.000241819	0.00396316
147	17400	0.00104155	0.00403646
148	17700	-0.000422553	0.00386143
149	21400	-0.000608646	0.00394774
150	18700	0.0001332	0.00398047
151	18300	-0.000889198	0.00401647
152	17800	0.000873302	0.0040713
153	16700	-0.000282142	0.00390286
154	21200	0.00073355	0.00391289
155	19400	0.000151258	0.00379069
156	19300	-0.000117391	0.00387761
157	18900	0.00152959	0.0039859
158	18900	0.000345074	0.00363508
159	19200	-0.000141872	0.00362434
160	15600	0.00044086	0.00344826
161	15500	0.00018649	0.00362959
162	15500	-0.000104426	0.0034352
163	15700	0.000363442	0.00340842
164	16500	0.000174606	0.00322046
165	13800	-0.000861289	0.0031977
166	11600	-0.00033193	0.00317538
167	12200	-8.69574e-05	0.00315261
168	14400	0.000507993	0.00284669
169	11400	-9.37526e-05	0.00296586
170	12400	0.000785808	0.00288181
171	12500	0.000255824	0.00280862
172	14000	0.000214903	0.00291865
173	9600	0.000171793	0.00278581
174	11900	-0.000111403	0.00275548
175	10800	0.00100179	0.00278097
176	13800	0.000179423	0.00269481
177	10200	0.000421558	0.00280265
178	10600	0.000592643	0.00272614
179	9100	0.000373205	0.00272308
180	11500	0.000597159	0.00251574
181	10000	0.000437047	0.00250078
182	11100	0.000349242	0.00258026
183	11200	0.00114991	0.00239175
184	11500	0.000410847	0.00253673
185	12500	0.000571845	0.0025385
186	11300	-9.84339e-05	0.00249588
187	12400	-7.07924e-05	0.00259273
188	11400	0.00026008	0.00255081
189	12700	-0.000534661	0.00237924
190	13300	-0.000146113	0.00256213
191	13400	0.000903774	0.00246535
192	13100	0.00032597	0.00253171
193	15100	-0.000382811	0.0025321
194	15400	0.000318195	0.00268331
195	17200	0.000242109	0.00263653
196	17900	-3.63086e-05	0.00260214
197	18700	-0.000215131	0.00252558
198	20300	0.000278087	0.00258227
199	16300	-6.46305e-05	0.00253501
200	18900	0.000503655	0.0026045
201	20100	0.000372309	0.00262479
202	17700	0.00066862	0.0025747
203	20200	0.000598828	0.0025727
204	19000	0.000305389	0.00250668
205	19400	-0.00033218	0.00245101
206	14700	0.000152718	0.00238592
207	15400	0.000719093	0.00254375
208	14300	-8.40284e-05	0.00240811
209	14300	6.52026e-05	0.0023639
210	13600	0.000218704	0.00243772
211	14100	0.000516368	0.00228376
212	12500	0.000206919	0.00205105
213	11100	0.000520128	0.00208062
214	13200	0.000714972	0.00217966
215	10100	-0.000969849	0.00213086
216	8700	-5.97394e-06	0.00196327
217	9500	0.000193973	0.00200924
218	7600	0.000164432	0.00200275
219	5900	5.38011e-05	0.00205618
220	8700	0.000246952	0.00191055
221	5300	0.00027834	0.00187735
222	6900	0.00102645	0.00180476
223	5300	0.000731966	0.00169852
224	6200	0.00111444	0.00186283
225	5600	-1.01526e-05	0.00198096
226	4600	-0.000679202	0.00181398
227	4300	0.00097894	0.00176226
228	5600	0.000242442	0.00156689
229	4200	-1.58272e-05	0.0016849
230	4100	0.000137476	0.00168881
231	5500	0.000133816	0.00152528
232	4800	0.000799997	0.00167052
233	4700	1.77325e-05	0.00165433
234	3200	0.000441424	0.0015455
235	3900	0.00112837	0.00170822
236	4100	-0.000590883	0.00145885
237	5000	0.00047088	0.00163803
238	4800	0.000593542	0.00157051
239	3400	8.7905e-05	0.00151411
240	4400	0.0010489	0.00160279
241	4800	-0.00029803	0.00154933
242	4600	0.00037667	0.00142552
243	5100	0.00089014	0.00143011
244	3400	0.000993179	0.00141582
245	4200	-9.91204e-05	0.00132738
246	2700	0.00046575	0.00141454
247	3000	0.000506114	0.00148248
248	3200	0.000486029	0.00133444
249	3200	9.07019e-05	0.0012205
250	4500	0.00170534	0.00124369
251	3700	0.000340477	0.00124539
252	4100	0.000202138	0.00126775
253	4300	0.000124525	0.00118893
254	3100	0.000618558	0.00123064
255	3000	0.000356177	0.00117802
256	2900	0.000668721	0.00128539
257	2700	-0.000478576	0.00119523
258	3000	0.000355953	0.00129662
259	3200	-0.000359516	0.00114132
260	2600	0.000401946	0.0011678
261	3700	-3.51574e-05	0.00115629
262	2900	-0.00143912	0.00120378
263	3000	4.2676e-05	0.00121222
264	2800	0.00045058	0.00123245
265	2800	0.000508524	0.00112944
266	2000	-0.000209562	0.00106842
267	3900	0.000919935	0.00110413
268	2000	0.00168667	0.0010549
269	2400	0.0010814	0.00113041
270	2700	0.00106309	0.0010379
271	3800	-5.47098e-05	0.00107258
272	2900	0.00023876	0.00106825
273	2400	0.00108022	0.00109631
274	3200	0.00093607	0.00106923
275	2700	0.00112082	0.00107959
276	2600	0.0011376	0.00100613
277	2200	0.000577573	0.000984797
278	1700	-1.88438e-05	0.00103747
279	2700	0.000420976	0.000982019
280	3600	0.000650381	0.00102367
281	2700	6.38153e-05	0.000989045
282	2400	-9.60481e-05	0.00100703
283	2200	-9.90129e-06	0.000985527
284	1200	-6.89092e-05	0.000960136
285	2100	0.00154898	0.00100441
286	2500	0.000743862	0.000974034
287	3400	0.000415334	0.000957321
288	3400	0.000456214	0.000982291
289	3400	0.000642935	0.00098519
290	3500	0.00154947	0.000968577
291	2400	0.000101338	0.0010062
292	3800	-0.000273677	0.000971964
293	3600	-0.000165371	0.000956921
294	2700	0.000419235	0.000895439
295	2500	0.000367544	0.000918709
296	2600	0.000981731	0.000926825
297	2200	0.000166751	0.000961559
298	1700	0.00165617	0.000988643
299	2000	-0.000899009	0.000951778
300	2700	0.000733349	0.000899075
301	2300	-0.000349145	0.000970926
302	2800	0.000809676	0.00093284
303	1800	0.000691514	0.000839453
304	1800	0.000169091	0.000884663
305	1900	0.00139888	0.000931264
306	1800	0.000204621	0.000885125
307	1600	0.00104509	0.000845867
308	2300	-0.000286595	0.000917014
309	2100	0.0011289	0.000873594
310	2400	0.000964618	0.000906968
311	2600	-7.55977e-05	0.000832452
312	2600	-0.000259957	0.00078881
313	2100	0.00134787	0.000863694
314	2300	-0.00106437	0.000853326
315	1800	0.00141505	0.000895536
316	2000	-0.000366146	0.000799532
317	1400	-0.000580613	0.000760352
318	1300	0.000350007	0.000872108
319	1900	-2.03609e-05	0.000806516
320	2000	0.00117705	0.000804696
321	1600	-0.000230475	0.000920389
322	1400	0.000995632	0.000897083
323	1700	0.000804446	0.000842464
324	2000	0.000964791	0.000842644
325	1400	-1.18375e-05	0.000806166
326	1900	0.000913308	0.000783578
327	1500	0.000786468	0.000945798
328	2400	0.000624988	0.000778586
329	2200	0.000784334	0.000790055
330	1900	-0.000849294	0.000745687
331	1900	-0.000591064	0.000781091
332	1900	0.000356054	0.000732982
333	1700	0.000362945	0.000730032
334	1600	0.000117232	0.000719115
335	1600	-0.000297023	0.000744927
336	2100	0.00128733	0.00089316
337	2600	-0.000198527	0.000738079
338	2500	1.48453e-05	0.000717379
339	1900	0.000487224	0.000688321
340	1900	0.000180623	0.00070128
341	1200	0.000631797	0.000713851
342	2100	0.000917651	0.000655371
343	1500	0.000479417	0.000733111
344	1800	0.000307783	0.000725302
345	1300	-0.00106043	0.000682925
346	2300	0.000582772	0.000676186
347	2500	9.08077e-05	0.000696002
348	1300	0.000399005	0.000708678
349	2200	-0.000231941	0.000629415
350	2300	0.00043447	0.0006446
351	1200	0.001452	0.00061766
352	2500	0.000142345	0.000689626
353	1300	-0.000579559	0.000699894
354	1300	2.49868e-05	0.000682294
355	2000	-0.00110114	0.000646788
356	2100	0.000874418	0.000690876
357	2500	-0.000238371	0.000678809
358	2000	6.33016e-05	0.000654114
359	1800	0.000865067	0.000624695
360	2400	-6.6669e-05	0.000617506
361	1800	0.00047398	0.000719053
362	2500	-0.000746259	0.000660923
363	2600	0.00014344	0.000655534
364	2000	0.00130675	0.000621444
365	1500	0.000639482	0.000633703
366	2300	0.0010914	0.000656567
367	1700	0.000143042	0.000566846
368	800	-9.19921e-05	0.000595697
369	2100	0.000179395	0.000639319
370	2400	0.000656464	0.000626194
371	2900	-0.000635602	0.000584187
372	1600	0.00152136	0.000567272
373	2000	0.000738431	0.000546968
374	2500	0.000232777	0.000626818
375	2700	0.00119528	0.000617723
376	1300	0.000500045	0.000630304
377	2600	0.000261541	0.00060555
378	3300	0.000156359	0.000598085
379	1900	0.000818702	0.000600091
380	2500	0.000362411	0.000588465
381	3700	0.000323294	0.000623441
382	2600	0.00140627	0.000647479
383	3400	0.00041013	0.000597854
384	2400	0.00103708	0.000580439
385	2400	-0.000531309	0.000558907
386	2300	-7.83027e-05	0.00058645
387	3200	0.000407801	0.000592236
388	2400	0.000816055	0.0005888
389	2300	-0.000223421	0.000574007
390	3000	3.31154e-05	0.00059929
391	3900	-0.000212864	0.000549905
392	3400	0.000221413	0.000550538
393	4300	0.00025019	0.000558012
394	4100	0.000537822	0.00055083
395	3200	0.000800406	0.000547123
396	4300	0.00014536	0.000541733
397	3800	-1.02038e-05	0.00057613
398	3900	-0.000227335	0.000565656
399	3000	0.000538834	0.000594423
400	3300	0.00022236	0.000540604
401	3700	0.000260782	0.000542636
402	4100	0.000338919	0.000544556
403	3900	4.36987e-07	0.000551545
404	3500	0.000925327	0.00056413
405	4100	8.87204e-05	0.000551147
406	2900	0.000384548	0.000526419
407	4400	-0.000272137	0.000540924
408	4200	0.000341693	0.000528616
409	3600	0.000582032	0.000568881
410	5200	0.000644002	0.000537819
411	3400	0.000261003	0.000507782
412	3400	0.000495678	0.000569482
413	3700	0.000473205	0.000538186
414	4700	0.000108018	0.000534194
415	2100	0.000658116	0.000495942
416	4800	0.000598259	0.000514189
417	5000	6.83496e-05	0.000530861
418	4000	0.000579346	0.0005246
419	3600	0.00032123	0.000515596
420	3800	-0.000107896	0.000526101
421	4400	0.00033041	0.000516071
422	3300	-1.68955e-05	0.00052682
423	4100	0.000182475	0.000530101
424	3700	0.000694702	0.0005055
425	4100	0.000619455	0.00053242
426	4400	-0.000143374	0.00053058
427	3200	0.000485614	0.000472217
428	3500	0.000247558	0.000501396
429	3200	0.000375533	0.000525568
430	4800	0.000208902	0.000520607
431	4700	-0.000196375	0.000521357
432	4000	3.50017e-05	0.000495711
433	4500	0.000329889	0.000517936
434	3400	-0.00095025	0.000536638
435	3900	0.000112409	0.000513551
436	3700	7.38665e-05	0.000472441
437	3200	-4.56643e-05	0.000490873
438	3300	-6.95059e-05	0.000505045
439	4900	-2.59568e-05	0.000491531
440	4600	0.000276103	0.000465815
441	3700	0.000148724	0.000494878
442	3700	0.00017118	0.000472781
443	4400	-0.000383143	0.000477358
444	4200	-0.000453192	0.000489261
445	2500	-0.000252553	0.000493142
446	2300	-0.000337557	0.000473615
447	3300	0.000381713	0.000484721
448	3400	0.000374158	0.000504265
449	4100	0.000507291	0.000482038
450	3200	0.000505046	0.000503081
451	2600	0.000483778	0.000489961
452	3400	-0.000180635	0.00048004
453	2100	-0.000234696	0.000488108
454	3600	0.00016577	0.000479966
455	3100	0.000540649	0.000461931
456	2600	0.000284569	0.000499082
457	2300	-0.000139307	0.000447745
458	3200	0.000573366	0.000452249
459	3300	5.88008e-05	0.000446409
460	2500	-1.50088e-05	0.000472686
461	2300	0.000901537	0.00047912
462	3100	0.000870221	0.000479568
463	2800	-0.000344423	0.000471102
464	2700	0.000126901	0.000465365
465	2200	0.000115334	0.000473184
466	1800	0.000206778	0.000446553
467	1700	-0.000405787	0.000459558
468	3100	0.000481225	0.000467786
469	2900	0.000186887	0.000447136
470	2600	0.00138422	0.000483773
471	1600	-6.02247e-05	0.000460795
472	2200	-0.000545991	0.000427727
473	2300	2.72823e-05	0.000463149
474	2100	0.000522456	0.000508038
475	2300	0.000191562	0.000453113
476	2700	0.00107396	0.000497587
477	1900	0.000319552	0.000455249
478	2200	-0.000458336	0.000464199
479	2200	5.9816e-05	0.000463492
480	1400	0.000236686	0.000504137
481	2400	-0.000234275	0.000514894
482	2200	-0.000528044	0.000440891
483	1200	-0.000442535	0.000505089
484	1400	-0.000354435	0.000457297
485	1200	0.000397471	0.000459973
486	1300	0.000362506	0.000474143
487	1100	3.91345e-05	0.000508473
488	900	0.00113641	0.000428391
489	1300	-0.000840263	0.000480039
490	1300	0.000248257	0.00042531
491	2000	0.000227907	0.000449391
492	1700	-0.000523402	0.000411602
493	1200	-0.000229257	0.000439112
494	1600	0.00175099	0.000427633
495	1000	0.000160038	0.000485519
496	1200	-0.000230715	0.000461069
497	900	0.00175794	0.000445768
498	600	0.000500161	0.000527576
499	1800	0.000186278	0.000439241
500	900	2.7146e-05	0.000408684
501	1000	0.000478706	0.000434478
502	1500	0.000277008	0.000426199
503	500	0.00114838	0.00048481
504	1100	0.00060057	0.00040784
505	1000	0.000211632	0.000504536
506	1300	0.00045109	0.0004408
507	1100	-0.00151147	0.000445055
508	900	0.000277108	0.000428924
509	500	-0.000600582	0.000395417
510	900	0.000337162	0.000519428
511	1400	-0.000121735	0.000405306
512	1100	3.33772e-05	0.000408796
513	700	-0.000330311	0.000403743
514	1100	-0.000757342	0.000415596
515	600	-0.000255361	0.000457557
516	800	0.000478708	0.000416854
517	800	0.000402011	0.000445755
518	1300	0.00081188	0.000404803
519	500	0.000114507	0.000407997
520	600	-0.00026905	0.00038467
521	1000	0.00114473	0.000470425
522	700	0.000786934	0.000448112
523	600	0.00170079	0.000612777
524	900	6.38607e-05	0.000415469
525	1600	0.000503708	0.000423564
526	800	-6.20445e-05	0.000384346
527	600	0.00124692	0.000374468
528	800	0.000553387	0.000385502
529	800	0.000433783	0.000424266
530	1200	0.000640258	0.000377637
531	700	0.00147174	0.000445867
532	1300	0.00083793	0.00039712
533	1200	0.00093295	0.000414942
534	600	0.000933	0.000355688
535	900	0.000797506	0.000398598
536	600	0.000618602	0.000436382
537	600	-0.000598949	0.000391244
538	700	0.000292093	0.000407588
539	1100	3.38961e-05	0.000434334
540	700	0.000677124	0.000383448
541	800	-0.00171216	0.000341333
542	800	0.000422276	0.000387892
543	900	-0.000115459	0.000349395
544	700	-4.30618e-05	0.000382085
545	900	0.00112096	0.000361393
546	600	-0.000559521	0.000343631
547	300	0.00131492	0.000346781
548	300	0.00140121	0.000350508
549	800	0.000609396	0.000343913
550	1000	-0.000369632	0.000382096
551	300	-0.0010086	0.000348665
552	400	-0.0011715	0.000324579
553	700	0.000507739	0.000333005
554	500	0.00031487	0.000391779
555	800	0.000443841	0.000385294
556	600	0.00091237	0.000399408
557	1000	-7.94701e-05	0.000357913
558	700	-0.000873875	0.000390486
559	600	0.000418658	0.000429392
560	800	-0.000961997	0.000369455
561	800	0.00168265	0.000397484
562	600	-0.000364346	0.000345153
563	900	-0.000519031	0.000375922
564	1200	0.000487895	0.00035718
565	1000	0.000603143	0.00032364
566	800	-0.00122296	0.000383882
567	900	0.000635358	0.000360525
568	500	-0.000287909	0.000368776
569	600	0.000268126	0.000323792
570	500	-0.000547262	0.000354618
571	1200	0.000577874	0.000342423
572	1200	7.15076e-05	0.000362211
573	1300	-9.52662e-05	0.00034077
574	600	0.000857962	0.000319647
575	400	-0.000997556	0.000352161
576	700	0.000427323	0.000348248
577	400	0.000341852	0.000345826
578	900	0.000965724	0.000340928
579	500	0.000434078	0.000324383
580	600	9.85481e-05	0.000289285
581	1200	0.000181835	0.000364655
582	1100	-0.000264066	0.000349508
583	800	0.00127906	0.000354939
584	1100	0.00118556	0.000341102
585	800	-0.0013237	0.000327484
586	1000	-0.000475667	0.000323756
587	700	0.00127605	0.000353319
588	900	0.00019786	0.000314508
589	1100	-0.000661029	0.000376449
590	1100	0.000464335	0.000306457
591	800	0.00114913	0.000348924
592	1000	0.000300206	0.000353638
593	1200	0.000898836	0.000375994
594	1100	-0.000581913	0.00035958
595	1000	0.000653414	0.00034835
596	700	0.00157352	0.000326868
597	900	0.000174642	0.000376347
598	1300	0.000514541	0.000354556
599	800	-0.00080414	0.00034594
600	1200	5.23266e-05	0.000323114
601	900	0.000715246	0.00033451
602	400	0.000148439	0.000289787
603	1400	3.34e-05	0.000343808
604	500	-0.00142404	0.000386771
605	700	-0.00116432	0.000325466
606	800	-0.000124603	0.000325264
607	700	0.000890258	0.000339549
608	800	-0.000337671	0.000314715
609	400	-0.000381051	0.000424237
610	900	0.000305505	0.000346622
611	500	0.000201328	0.000358886
612	400	0.000733215	0.0003361
613	400	7.17285e-05	0.000306755
614	800	0.00137294	0.000307463
615	1000	0.00129263	0.000330185
616	200	0.000219812	0.000331239
617	400	0.00164832	0.000304459
618	1100	0.000263613	0.000376252
619	400	-0.000156952	0.000424941
620	700	0.000108249	0.000340838
621	500	0.000843957	0.00034669
622	700	0.000484575	0.000321541
623	800	-0.000813265	0.000396119
624	600	0.000808651	0.000328501
625	400	-0.00180518	0.00028891
626	600	0.000120739	0.000382866
627	1100	0.00113478	0.000316533
628	500	0.00113987	0.000278202
629	800	0.000851703	0.000365033
630	600	-0.000989636	0.000309492
631	800	3.27616e-05	0.00032114
632	600	0.000513159	0.000292727
633	1400	0.000170234	0.000305087
634	1000	-0.000197063	0.000344335
635	700	-0.000267467	0.000301049
636	700	0.000642208	0.000325528
637	500	0.000261799	0.000317991
638	800	-0.000192058	0.000332134
639	200	-0.000653048	0.000305274
640	600	0.000163112	0.000317657
641	600	0.000407514	0.000300761
642	1000	0.000657359	0.000329644
643	200	-0.000297111	0.000289744
644	400	-0.000587583	0.000319068
645	700	0.000465895	0.000330697
646	1100	7.77645e-05	0.000341839
647	700	0.000450733	0.000275267
648	400	0.000139805	0.00028208
649	300	0.00112103	0.00033033
650	700	-0.0013612	0.000291798
651	400	0.00135913	0.000315192
652	900	0.000744719	0.000328535
653	700	0.000825098	0.000351684
654	1000	0.000721396	0.000304845
655	200	0.000773171	0.000328371
656	400	0.00128767	0.000278432
657	1000	-0.000772587	0.000309107
658	700	0.000236456	0.000311813
659	800	-0.000311069	0.000280397
660	500	0.000461503	0.000287925
661	900	-0.000451959	0.000297024
662	800	0.000645735	0.000298908
663	1100	0.000255966	0.000280484
664	1000	0.000387482	0.000265315
665	800	0.000720164	0.000298234
666	900	0.000952979	0.000312149
667	600	-0.000464052	0.000286016
668	1300	-0.000320838	0.000298197
669	800	-9.83682e-05	0.000293659
670	200	-0.000942977	0.000254018
671	1300	-0.000353663	0.000289288
672	1300	9.43902e-05	0.000308349
673	600	-0.000439992	0.000316851
674	800	0.000183775	0.000285874
675	1600	0.0004546	0.000273307
676	900	0.000309181	0.000278169
677	800	0.000591447	0.000279504
678	800	0.000398858	0.000298873
679	700	-0.000273144	0.000295004
680	600	0.000504746	0.000315724
681	900	0.000256763	0.00029448
682	1500	-0.000100089	0.00033114
683	1300	0.000301711	0.000288308
684	1000	0.000457112	0.000302706
685	400	-0.000186619	0.000325971
686	500	0.00125178	0.000291699
687	800	-0.000377525	0.000298761
688	700	0.00193687	0.000277893
689	800	0.000272879	0.000291049
690	900	0.000129917	0.000274821
691	1600	-0.000273476	0.000269916
692	700	0.000651202	0.000279554
693	500	-0.000374746	0.000259344
694	700	0.000565358	0.000294224
695	1300	1.35556e-05	0.000272679
696	1800	0.000110016	0.000293821
697	1200	0.00088083	0.000287732
698	500	-0.00123122	0.00028262
699	600	0.000490048	0.000262304
700	1300	0.000749878	0.00029919
701	1500	0.000731247	0.000281694
702	600	-0.000163573	0.000315207
703	1100	-8.09178e-05	0.000285685
704	1100	-0.000129164	0.000257948
705	700	0.0010555	0.000276488
706	1000	0.000554094	0.000276364
707	800	0.0016295	0.000297135
708	1400	0.000591369	0.000279819
709	1000	0.000393244	0.000286827
710	1300	0.000820384	0.000284609
711	700	-0.000174245	0.000278888
712	900	0.000858778	0.000313764
713	1200	0.000349733	0.000265043
714	1200	0.000554614	0.000310044
715	800	0.000482426	0.000262228
716	1300	-2.60853e-05	0.000297673
717	1000	0.000189667	0.000273434
718	1000	0.000511959	0.000281351
719	1400	0.000700733	0.000279636
720	1000	0.000263682	0.000277625
721	700	-0.000418523	0.000275055
722	500	0.00143549	0.000279477
723	1100	0.000114091	0.000279711
724	1600	-0.000621538	0.000267565
725	1500	0.000588331	0.000299305
726	900	-9.54979e-07	0.000312008
727	1100	0.000748869	0.000289356
728	500	0.000182844	0.000273567
729	1000	0.000419355	0.0002796
730	1100	0.000922975	0.00030487
731	1200	-0.000819675	0.000282723
732	600	0.000581467	0.000263522
733	700	0.00124191	0.000267733
734	1600	0.000311074	0.000270624
735	800	0.00108646	0.000277598
736	600	0.00174056	0.000280635
737	300	-0.000508368	0.000325113
738	500	0.000570001	0.000347165
739	900	7.39789e-05	0.000279813
740	1300	0.00172953	0.00031537
741	800	-8.29318e-05	0.000272143
742	800	0.000624807	0.000255854
743	600	-8.42027e-05	0.000263212
744	900	-0.000550401	0.000285834
745	700	-0.00115023	0.000330553
746	900	0.000156761	0.000258744
747	1000	-9.75959e-05	0.000289603
748	400	-0.00029527	0.000364229
749	400	7.75138e-05	0.000239745
750	900	0.00102455	0.000283592
751	1300	0.000591461	0.00028753
752	1000	0.000114345	0.000274377
753	400	5.86895e-05	0.000276578
754	1000	0.00180573	0.000273091
755	600	0.000821736	0.00028492
756	600	0.000889267	0.000267094
757	1100	-6.72372e-05	0.000300313
758	1400	0.00057053	0.000270558
759	1200	0.000419449	0.000266165
760	600	-4.55991e-05	0.000258491
761	500	0.00133833	0.000290335
762	1000	-1.81156e-05	0.000285996
763	700	-0.000238099	0.000252538
764	700	0.000671532	0.000276287
765	700	0.000653373	0.000280532
766	400	0.000145588	0.000264077
767	1100	7.36561e-05	0.00025951
768	300	0.00109807	0.000329137
769	400	0.000482367	0.000242122
770	1200	0.000578695	0.000250247
771	600	-0.00020887	0.000250716
772	600	0.000442223	0.00026435
773	700	0.000384085	0.000281948
774	500	-0.000166149	0.00025608
775	500	-1.10398e-05	0.000276337
776	600	-0.00111088	0.000287524
777	700	0.00122366	0.000235759
778	900	0.000288291	0.000268321
779	700	0.00131064	0.000241596
780	1000	0.000620388	0.00026869
781	500	0.00135062	0.000272053
782	300	-0.00041646	0.000224356
783	1100	0.00025894	0.000289008
784	500	0.000527975	0.000254187
785	600	0.000161941	0.000241924
786	900	-9.63432e-05	0.000266739
787	1200	0.000281774	0.00025919
788	600	-0.00035591	0.000271639
789	500	-5.37168e-05	0.000243263
790	400	0.000195541	0.000275813
791	1000	-0.000446227	0.000247134
792	700	0.00062283	0.000270728
793	500	0.000882941	0.000234342
794	600	4.7841e-05	0.000243508
795	400	-0.00019167	0.000281775
796	900	-0.000123409	0.000267321
797	800	0.000413918	0.000252441
798	300	0.000623492	0.000211764
799	600	0.000848015	0.000244616
800	900	0.00079872	0.000269096
801	500	-0.000657679	0.00023805
802	500	0.000539959	0.000241331
803	400	-0.000761185	0.000280454
804	700	-0.000716798	0.000239161
805	400	-9.16804e-05	0.000257775
806	600	0.00109466	0.000284632
807	1200	5.74458e-05	0.000247794
808	400	-0.000538661	0.00023839
809	800	0.000878112	0.000261282
810	1200	0.00049476	0.000240152
811	700	0.000618659	0.000264981
812	600	0.000368763	0.000268598
813	600	0.00114559	0.000245297
814	600	-0.000461134	0.000268329
815	500	-0.000132934	0.000253025
816	400	-0.000552347	0.00027255
818	400	0.000823702	0.000236521
819	400	-0.00072586	0.000258222
820	600	0.000435049	0.000234462
821	800	0.00135938	0.000265658
822	600	0.000346656	0.000243694
823	400	0.000501395	0.000219828
824	500	-0.000718201	0.000257659
825	300	0.00175039	0.000268491
826	300	0.000875059	0.000276478
827	600	-0.000169067	0.000233043
828	900	-0.000830073	0.000221682
829	900	0.000672937	0.000242206
830	800	-0.000602018	0.000236908
831	500	0.000793201	0.000229411
832	300	0.000551143	0.000261935
833	200	0.000223034	0.00026835
834	100	-0.00195703	0.000260204
835	500	0.00135173	0.000242004
836	700	0.000610117	0.000244397
837	500	0.00167385	0.000252155
838	200	-0.000213127	0.000257056
839	700	-0.000350932	0.000239702
840	400	-0.00068832	0.000281927
841	300	-0.000368328	0.000258936
842	700	-0.000250277	0.000250679
843	400	-5.06877e-05	0.000234329
844	600	-0.000712734	0.000255595
845	800	0.000584214	0.000231226
846	700	0.000521575	0.00024663
847	300	-0.000955598	0.000285405
848	300	-0.00116331	0.00024024
849	600	0.000810385	0.000242716
850	300	-9.57464e-05	0.000219613
851	400	-0.000721355	0.000226762
852	400	0.00108311	0.000244504
853	600	-0.000436918	0.000236214
854	400	-0.000490049	0.000254293
855	600	-0.000210809	0.000233312
856	200	0.000775734	0.000230448
857	100	-0.00137666	0.000279801
858	400	-0.00135895	0.000266262
859	700	-9.04812e-05	0.000266964
860	200	-0.000473411	0.00023803
861	300	-0.000664243	0.000247313
862	300	0.000838683	0.000262509
863	600	0.000443329	0.000210928
864	300	0.00172779	0.000251774
865	400	9.55497e-05	0.000258455
866	100	0.000379036	0.000302762
867	600	0.000932713	0.000236754
868	300	0.000568038	0.000239956
869	200	0.000975057	0.000218635
870	500	0.000896418	0.00021891
871	100	9.76412e-05	0.000208923
872	300	-0.000281205	0.000209843
873	400	0.00134419	0.000224544
874	400	0.000655126	0.000247962
875	400	0.0010762	0.000237515
876	600	0.000177458	0.000205022
877	600	0.000731467	0.000240782
878	600	0.000148922	0.0002379
879	400	-0.00120351	0.000237479
880	400	0.000442709	0.000241224
881	400	-0.000561335	0.000213439
882	400	-0.00040987	0.000236223
883	500	0.00109952	0.000222864
884	500	0.000375973	0.000232262
885	500	0.000718848	0.000264232
886	500	0.000202911	0.00021942
887	600	7.30906e-05	0.000230026
888	800	0.000368548	0.000230698
889	300	0.00272854	0.00018397
890	300	-0.000139674	0.000206121
891	400	0.000560081	0.000241709
892	500	0.000614689	0.00021343
893	300	0.000833906	0.000260037
894	400	-0.00011404	0.000228403
895	100	0.00124798	0.000191136
896	300	0.000390305	0.000231435
897	600	5.97133e-05	0.000222979
898	300	-0.000729153	0.000215244
899	700	-6.83902e-05	0.000250546
900	500	-0.00017475	0.000260305
901	700	0.000532028	0.000229842
902	800	-0.00141177	0.000253632
903	700	0.000225986	0.000214408
904	600	-0.000663847	0.000235201
905	700	-0.000334661	0.000251476
906	700	0.000532341	0.000227431
907	300	-0.00096563	0.000243583
908	900	-0.000561895	0.000236844
909	700	-0.000845701	0.000247579
910	300	7.43145e-05	0.000232476
911	500	0.00103469	0.000233021
912	1000	0.000367489	0.000243976
913	500	0.00219269	0.000242914
914	600	0.00120926	0.000251864
915	100	0.00195519	0.000202587
916	600	0.000245094	0.000202077
917	1000	0.000104685	0.000247291
918	700	0.00043171	0.000234126
919	500	0.000873652	0.000205748
920	600	-0.000514855	0.000200499
921	600	0.00128966	0.00023909
922	500	-6.78688e-05	0.000230273
923	900	-0.000213461	0.000225615
924	400	-0.000263278	0.000236668
925	400	1.80076e-05	0.000237967
926	700	0.000180494	0.000231379
927	500	-0.000180167	0.000244577
928	400	0.000232635	0.000199396
929	500	0.000274748	0.000212461
930	800	6.24531e-05	0.000199156
931	700	-0.000307915	0.000245708
932	100	0.000956398	0.00027843
933	500	-0.00104802	0.000241318
934	500	0.000424446	0.000226179
935	600	5.11519e-05	0.000223071
936	100	0.000972003	0.0002046
937	1100	6.12878e-05	0.000233347
938	600	0.000531121	0.000230473
939	900	0.000779979	0.000230953
940	900	2.54212e-05	0.000235454
941	700	-8.27861e-05	0.000210104
942	600	-3.02266e-05	0.000235849
943	600	-5.55766e-05	0.000246171
944	1100	0.000312073	0.000235503
945	900	0.000273477	0.00021953
946	200	0.00191847	0.000191091
947	700	-2.53197e-05	0.00020591
948	900	-7.15686e-05	0.000220914
949	300	0.000788113	0.00023724
950	800	-0.000496611	0.000219112
951	400	0.00150337	0.000245938
952	500	-0.000588948	0.000209461
953	300	0.000758826	0.00020375
954	700	0.000446384	0.000242803
955	600	-1.77547e-05	0.000228223
956	400	-0.000988696	0.000255132
957	900	-0.000316611	0.000243854
958	500	0.000373411	0.000211398
959	400	0.000121392	0.000227014
960	600	-0.000276862	0.000242655
961	500	0.000776618	0.000224304
962	300	-0.000224653	0.000238041
963	500	0.000110106	0.000208125
964	200	-0.000963051	0.000216587
965	400	0.00157597	0.000207445
966	300	0.000138768	0.000222912
967	500	0.00111508	0.000227681
968	700	0.000800102	0.000239559
969	300	-0.000614839	0.000205087
970	500	0.000836151	0.000224047
971	300	-0.000740485	0.000205967
972	500	3.45776e-05	0.000213797
973	300	-0.000272899	0.000222671
974	700	0.000442299	0.000249987
975	1100	-8.99406e-05	0.000221592
976	600	-0.000142595	0.000241782
977	600	-0.000785617	0.000197732
978	300	0.000900683	0.00022454
979	300	0.000375296	0.000233067
980	600	0.000667168	0.000244494
981	200	0.000659194	0.000237148
982	500	-0.000301975	0.000237093
983	700	-0.000232956	0.000225758
984	200	0.00068994	0.000186051
985	400	0.000405669	0.000206303
986	300	0.00109066	0.000250712
987	500	0.000206164	0.000265852
988	600	-4.22217e-05	0.000233547
989	200	-0.00132337	0.000200268
990	200	-0.000663289	0.000240011
991	400	-0.00116345	0.00024002
992	100	0.00160785	0.000246089
993	700	0.00193323	0.000248204
994	600	0.000377552	0.000224535
995	400	-0.000343231	0.000209104
996	200	0.000473687	0.000235227
997	200	-0.00184764	0.000177083
998	300	0.00132716	0.000229403
999	400	-0.000964858	0.000250124
1000	600	0.000709598	0.000242066
1001	700	-0.000676595	0.000218448
1002	200	0.000272991	0.00024714
1003	600	4.88036e-05	0.00026764
1004	800	0.000418808	0.000208719
1005	400	-0.000199836	0.000211912
1006	600	0.0017746	0.000223161
1007	200	0.00169259	0.000240702
1008	400	0.00118412	0.000235656
1009	100	0.00382237	0.000265589
1010	700	-0.000367951	0.000228021
1011	500	0.000695221	0.000233426
1012	500	8.38006e-05	0.000218926
1013	700	0.00018469	0.000259474
1014	300	0.000162826	0.000240225
1015	300	0.000696459	0.000218164
1016	400	-3.23554e-05	0.000223293
1017	300	0.0014318	0.000212207
1018	200	0.00228846	0.000225284
1019	400	0.000670006	0.000256563
1020	300	0.000377735	0.000215611
1021	800	-8.75262e-05	0.000239232
1022	400	-0.000110129	0.000234639
1023	600	0.00152619	0.000246366
1024	200	0.00182759	0.000273214
1025	700	-0.000158268	0.000224147
1026	400	0.000519353	0.000269178
1027	600	0.00163922	0.000241579
1028	400	4.15255e-05	0.000195635
1029	600	-0.000322032	0.000227297
1030	900	-5.40434e-05	0.00023087
1031	800	-0.000194584	0.000238245
1032	500	0.000194011	0.000222709
1033	600	6.28154e-05	0.000224123
1034	700	0.000355949	0.000208158
1035	400	0.000888245	0.000239754
1036	500	0.000303249	0.000231023
1037	300	0.000137888	0.000216098
1038	200	-0.00209323	0.000199352
1039	600	0.00189722	0.000210556
1040	400	-0.00119968	0.000244685
1041	200	-0.00167915	0.000236427
1042	300	0.00118548	0.000206979
1043	200	-0.000583682	0.00022332
1044	600	0.000325824	0.000227747
1045	200	0.00210736	0.0002566
1046	300	-5.22784e-05	0.000173962
1047	400	0.000518914	0.00022405
1048	900	0.000343231	0.000232617
1049	400	0.000143921	0.000222873
1050	400	0.0002402	0.000197959
1051	600	-4.13422e-05	0.000204132
1052	200	0.000702395	0.00021162
1053	600	0.000778496	0.000238751
1054	200	-0.000775774	0.000265321
1055	300	0.000473896	0.000228806
1056	700	0.00151639	0.000218912
1057	700	0.000476792	0.000207934
1058	100	0.00194169	0.000252032
1059	400	0.000572505	0.000219939
1060	600	-0.000176429	0.00020406
1061	600	0.000654742	0.000220933
1062	600	0.000356006	0.000231168
1063	200	0.000249061	0.000204308
1064	200	0.000853833	0.000254458
1065	400	0.000702423	0.000225161
1066	600	0.000366406	0.000219427
1067	300	0.000854985	0.000253202
1068	500	0.000770066	0.000215171
1069	100	0.000568897	0.000155082
1070	400	0.00087468	0.000229594
1071	400	-0.000714922	0.000169771
1072	100	0.000803969	0.000197496
1073	500	5.02632e-05	0.000199273
1074	300	1.34566e-05	0.000222742
1075	300	0.00107799	0.000214313
1076	200	0.00098765	0.000187435
1077	500	-2.94358e-05	0.000206434
1078	300	-0.000208503	0.000215984
1079	200	0.000779079	0.000228747
1080	500	1.43427e-05	0.000219655
1081	700	0.000703307	0.000214321
1082	600	-0.00058498	0.000229737
1083	400	0.000209755	0.00024183
1084	200	0.00384357	0.000215445
1085	200	-0.00115414	0.00020344
1086	100	-0.000197607	0.000160888
1087	500	-0.000181148	0.000211067
1088	500	0.000547703	0.000216512
1089	500	0.000109062	0.000174061
1090	100	-0.000173361	0.000163524
1091	600	0.000250338	0.000211824
1092	200	7.95877e-05	0.000222085
1093	700	-0.000156459	0.000216044
1094	400	-0.000457922	0.000218711
1095	400	0.000990394	0.000228656
1096	100	0.00115584	0.000194198
1097	700	-0.000948571	0.000214228
1098	700	-0.000863876	0.000234246
1099	600	0.000677601	0.000200805
1100	400	0.000409177	0.000204285
1101	500	0.000188247	0.00022764
1102	600	0.00124084	0.00019069
1103	400	0.000790642	0.000213168
1104	300	-0.00105944	0.000194308
1105	600	-7.89981e-05	0.000200444
1106	200	0.00166112	0.000221097
1107	400	0.000735611	0.000206277
1108	400	0.000906536	0.000221073
1109	500	0.000530915	0.00023192
1111	500	1.14926e-05	0.000232126
1112	100	-0.00250264	0.000198282
1113	200	-0.000283352	0.000241512
1114	200	-4.87144e-05	0.000199572
1115	400	0.000873706	0.000209103
1116	400	0.00110043	0.00019112
1117	400	-0.00043835	0.000203458
1118	500	0.000176638	0.000196928
1119	400	-0.000630738	0.000178318
1120	600	0.000723378	0.00020092
1121	300	0.000253058	0.000231252
1122	600	0.000758419	0.000193714
1124	600	-0.000813763	0.000195871
1125	600	6.47511e-06	0.000197642
1126	400	0.00143065	0.000191954
1127	500	0.00135872	0.000178203
1128	600	0.00106695	0.000171747
1129	300	0.001564	0.000230811
1130	500	-0.000474033	0.000222147
1131	800	0.000446126	0.000216082
1132	500	0.000324212	0.00018887
1133	500	-0.000907302	0.000180333
1134	600	0.000113021	0.000196639
1135	400	0.000311169	0.000210211
1136	400	3.34451e-05	0.000208095
1137	600	0.00093099	0.00019216
1138	600	-0.000789066	0.000222781
1139	400	0.000918297	0.000202583
1140	600	0.000359895	0.000216879
1141	300	0.00159706	0.000183478
1142	400	0.000414047	0.00019841
1143	600	-8.748e-05	0.000217749
1144	400	1.27967e-06	0.000182483
1145	300	0.000281333	0.000199126
1146	400	-0.000761519	0.000184822
1147	400	0.000354802	0.000190756
1148	700	0.000381389	0.000204776
1149	900	-0.000291539	0.000195218
1150	900	-0.000367255	0.000207037
1151	400	0.000893947	0.000206509
1152	400	0.000127905	0.000190526
1153	500	0.000790199	0.000201564
1154	700	0.000571984	0.00020312
1155	300	-0.00188323	0.0001901
1156	200	-0.000393436	0.000142316
1157	600	0.00112944	0.000212791
1158	400	0.00128238	0.000205512
1159	800	-5.86556e-06	0.000191599
1160	100	0.000711869	0.000177979
1161	100	-0.00107051	0.000192742
1162	500	-0.000458631	0.000196775
1163	200	-0.00132171	0.000192731
1164	600	-0.000165064	0.000202774
1165	700	-0.000324607	0.000182929
1166	600	0.000933058	0.00020644
1167	600	-6.4059e-05	0.000190714
1168	100	0.00114093	0.000190829
1169	700	0.000955123	0.000212883
1170	600	0.000429666	0.000207954
1171	400	0.000732898	0.000214446
1172	800	0.000566359	0.000188345
1173	500	-0.000655961	0.000187995
1174	700	2.6595e-05	0.000208146
1175	1000	0.000421871	0.000201919
1176	300	0.000259653	0.000231086
1177	300	0.000893059	0.000186678
1178	500	0.000720563	0.000198046
1179	100	-0.000112094	0.000266116
1180	500	0.000797835	0.000174419
1181	1200	-0.00104916	0.00018215
1182	700	-0.000192441	0.000208692
1183	400	0.00065468	0.000196876
1184	300	0.000312592	0.000193494
1185	300	-0.00058789	0.000216011
1186	600	-0.000686672	0.000208164
1187	300	-0.000385859	0.000180107
1188	600	0.000829585	0.000216843
1189	200	0.00146594	0.000174106
1190	600	0.000894671	0.000181947
1191	600	5.38582e-05	0.000196603
1192	700	0.000198336	0.000190623
1193	500	-0.000318533	0.000194643
1194	1000	-7.66954e-06	0.000195561
1195	800	-6.55605e-05	0.000209067
1196	600	0.000943852	0.000209429
1197	1300	0.000227754	0.000212321
1198	800	0.000980891	0.000202669
1199	700	0.00106451	0.000195104
1200	1000	0.000168328	0.000187109
1201	600	0.000287486	0.000174887
1202	100	-0.00176343	0.000190344
1203	900	0.000547751	0.000183629
1204	700	0.000739335	0.000182091
1205	500	0.00119038	0.00016904
1206	400	0.000178953	0.000205977
1207	500	-0.000380266	0.000193093
1208	600	0.000551346	0.000200942
1209	300	-0.00049756	0.000186177
1210	500	-0.000321151	0.000213781
1211	800	0.000226693	0.000187742
1212	200	0.000772503	0.000208785
1213	500	4.85664e-05	0.000221188
1214	700	0.000936777	0.000182411
1215	100	-5.49884e-05	0.000166859
1216	500	0.000517908	0.000179035
1217	300	0.00202534	0.000176898
1218	200	0.00121842	0.000184859
1219	400	0.000429109	0.000190523
1220	600	-0.000614475	0.000199723
1221	400	0.000741169	0.000194893
1222	100	5.45764e-05	0.000176993
1223	600	0.000441682	0.000179777
1224	600	-0.000626043	0.000179202
1225	400	-0.000113838	0.000197699
1226	500	0.000795559	0.000204725
1227	500	0.000650033	0.000197063
1228	500	0.00145848	0.000205647
1229	300	-0.000220169	0.00018465
1230	700	0.000395821	0.000176275
1231	400	0.00122485	0.000188772
1232	400	-0.000425796	0.000179618
1233	300	-0.000663086	0.000161246
1234	500	0.000124141	0.000179585
1235	800	0.000795826	0.000194745
1236	200	-0.00010298	0.000165184
1237	600	-0.000154439	0.000202406
1238	500	-0.000859484	0.000182399
1239	300	8.42729e-05	0.000202286
1240	600	-0.000409193	0.000205133
1241	600	0.000445996	0.000194364
1242	400	0.000287847	0.000195239
1243	200	0.00065166	0.000171266
1244	600	0.000225932	0.000190141
1245	800	0.000136274	0.000184701
1246	600	2.13305e-05	0.000188828
1247	900	-0.000514565	0.000199982
1248	500	1.21127e-05	0.00020111
1249	400	0.000432046	0.000201301
1250	400	0.000455757	0.000180294
1251	700	1.23598e-05	0.000183073
1252	300	0.000999996	0.000170557
1253	1000	0.000174669	0.000194999
1254	800	0.00110185	0.000189928
1255	200	-0.00112894	0.000171529
1256	700	0.000200755	0.000180813
1257	600	0.00150651	0.000197761
1258	500	0.000180351	0.000196471
1259	400	0.000859097	0.000193081
1260	400	0.000449886	0.000201598
1261	400	-0.000203546	0.000199879
1262	400	-0.000321015	0.000180372
1263	500	0.00101091	0.000196633
1264	500	0.00120533	0.000187597
1265	300	-0.00104458	0.000191886
1266	300	-0.000338138	0.000192069
1267	600	0.000461407	0.00019168
1268	600	0.000460655	0.000173506
1269	600	-0.000598745	0.000183415
1270	800	0.000513815	0.000206626
1271	500	0.00121191	0.00021152
1272	100	0.00155651	0.000179482
1274	300	0.000326934	0.000183444
1275	300	0.00180263	0.000177865
1276	300	4.08633e-05	0.000213566
1277	200	0.000457316	0.000214882
1278	800	0.00105084	0.000194382
1279	600	0.000457485	0.000208434
1280	300	0.00076154	0.000178781
1281	700	0.00013502	0.000180821
1282	400	-0.000499437	0.000196599
1283	400	-0.000523467	0.00016525
1284	200	-0.000422306	0.000193732
1285	100	0.00088332	0.000166528
1286	300	0.0014013	0.000172406
1287	100	0.00265503	0.000187165
1288	200	0.00155821	0.000145228
1289	200	-0.00122792	0.000176739
1290	500	0.000823261	0.000192994
1291	300	-0.000207141	0.000206829
1292	300	0.000830737	0.00017471
1293	300	-0.00129372	0.000172176
1294	200	-0.00141274	0.000189165
1295	500	0.000211922	0.00017705
1296	600	0.00153371	0.000195301
1297	200	-0.000598553	0.00021086
1298	200	-0.00106604	0.00018186
1299	300	-1.43332e-05	0.000171822
1300	900	0.000760357	0.000197004
1301	200	0.000540501	0.000164515
1302	600	0.00022465	0.000201713
1303	500	-0.000102723	0.000208537
1304	200	2.28701e-05	0.000176697
1305	200	-0.000916688	0.000177071
1306	300	1.97289e-05	0.000195248
1307	500	0.000208474	0.000176075
1308	500	-0.000486981	0.000193057
1309	400	0.00141003	0.00019308
1310	300	-3.34109e-05	0.000182548
1311	500	0.000175607	0.000188523
1312	200	0.00017735	0.00017932
1313	400	-0.000886759	0.000217484
1314	200	-0.000855631	0.000143414
1315	300	0.000923631	0.000165745
1317	500	0.000196173	0.000180054
1318	400	-0.000488536	0.000165928
1319	100	5.90422e-05	0.00018737
1320	300	0.000906308	0.000201983
1321	300	-0.00126112	0.000191205
1322	300	0.000240873	0.00019315
1323	400	-0.000249323	0.000167428
1325	800	0.00013954	0.000191089
1326	200	0.00144312	0.000167559
1327	200	0.000349607	0.000209609
1328	600	0.000179882	0.000184843
1329	300	-0.000692538	0.000206834
1330	500	-0.000560086	0.000181955
1331	300	0.000508887	0.000195225
1333	200	0.00108693	0.000182575
1334	100	-0.00106703	0.000187408
1335	500	0.000521895	0.000174702
1336	400	-0.000268384	0.000185559
1337	800	0.000479022	0.000194074
1338	200	-0.00256471	0.000162326
1339	500	0.00015902	0.000189485
1340	300	0.000943861	0.000191193
1343	300	0.000920723	0.000190818
1344	100	0.00268639	0.00019494
1345	200	0.00105756	0.000174774
1346	100	0.000195949	0.000218488
1347	200	-4.55494e-05	0.000181473
1348	200	0.00176407	0.000166574
1349	400	0.00088358	0.000173847
1350	200	0.000493547	0.000203673
1351	400	-0.000268705	0.000181823
1352	600	0.000603853	0.000189496
1353	100	0.000316393	0.000215854
1354	300	-0.000242502	0.000198293
1355	100	0.00260895	0.000228169
1356	500	-0.000120941	0.000160284
1358	200	0.00189588	0.000203383
1359	200	0.00144804	0.0001884
1360	400	-0.000512703	0.000170395
1361	300	-0.000180357	0.000198132
1362	400	-0.000728987	0.000167935
1363	100	-6.38004e-05	0.000201837
1364	100	-0.00141012	0.000185313
1365	200	-0.000231173	0.000178946
1366	400	0.0003593	0.0001805
1367	600	0.000175304	0.000190216
1368	200	0.0005124	0.000148649
1369	500	0.000609908	0.000175749
1371	400	0.000337935	0.000194948
1372	200	6.22491e-06	0.00018392
1374	400	5.77074e-05	0.00016286
1375	400	7.7901e-05	0.000160473
1376	100	-8.69964e-05	0.000171697
1378	200	-0.00120217	0.000171115
1379	100	-0.000991858	0.000145248
1380	400	0.0010897	0.000186608
1381	300	-0.000358505	0.000167414
1382	300	0.000192877	0.000164216
1383	300	0.000114687	0.000181051
1385	400	-0.000926183	0.000178089
1386	200	0.000848042	0.000198213
1387	100	-0.00105414	0.000235753
1388	100	-0.00148226	0.000181319
1389	300	-0.00104768	0.000182563
1391	200	0.00122542	0.000165129
1392	300	0.00232444	0.000168945
1393	200	0.00103099	0.000204587
1395	100	-0.000337866	0.000194182
1397	200	0.000857676	0.000169437
1398	100	0.0011053	0.000156401
1399	200	-0.00089378	0.0001618
1400	100	-7.95681e-05	0.000223602
1401	100	0.000325779	0.000189148
1402	200	-0.00198783	0.000196142
1403	300	0.000867029	0.000175758
1404	100	-0.00124599	0.000170471
1405	300	0.000428502	0.000158821
1407	100	-0.0014411	0.000224545
1408	100	-0.000274959	0.000232245
1409	300	-0.000465036	0.000189398
1410	400	-0.00094031	0.000194646
1411	300	-0.00084532	0.000198029
1412	200	0.00136007	0.00016802
1414	100	0.000558708	0.000168939
1415	300	0.00113543	0.00017896
1417	200	0.000193051	0.000195552
1418	200	0.00113464	0.000182844
1421	100	0.00175866	0.000221225
1422	100	-0.00167802	0.000190609
1423	500	0.00157394	0.000184476
1424	300	-0.000903748	0.000171671
1425	100	-0.00311936	0.000149596
1426	200	-0.000217975	0.000216011
1428	300	0.000425975	0.000197601
1430	100	-0.00207282	0.000188122
1431	200	-0.0002915	0.00017397
1434	200	0.00112872	0.000171014
1435	100	-0.000147938	0.000211147
1436	100	-0.00063432	0.000176699
1437	400	0.000615187	0.000204668
1438	400	9.43959e-05	0.000171238
1440	300	0.000693576	0.000162817
1442	300	5.24353e-06	0.00019107
1443	200	0.000460877	0.000193157
1444	100	-0.00108921	0.000143416
1445	300	0.00113608	0.000202832
1446	200	-0.00150226	0.0001942
1447	100	0.00066801	0.000227238
1448	300	0.00126358	0.00021202
1449	100	-3.88243e-05	0.000180281
1450	300	0.000615698	0.000199297
1452	100	9.79293e-05	0.000213358
1453	300	0.000350563	0.000190837
1456	200	0.000273555	0.000187691
1457	100	0.00120744	0.00018667
1458	200	-0.000955208	0.000175664
1460	100	9.52095e-05	0.000166071
1461	200	-5.10728e-06	0.000203249
1463	200	-0.000934908	0.000187136
1464	200	-0.000317233	0.000170373
1465	100	0.00202368	0.000195615
1467	200	0.000642363	0.000170943
1468	100	0.00112042	0.000225471
1471	100	0.000229797	0.000174319
1473	400	0.00116152	0.000201538
1474	100	0.000476209	0.000232486
1475	100	0.000112224	0.000141492
1476	100	-0.000928906	0.000194543
1478	100	0.000445045	0.000171501
1480	100	-0.000789859	0.000199217
1481	400	0.000671483	0.000156064
1483	200	7.37327e-05	0.00017402
1484	100	-0.000814679	0.000173002
1485	100	0.00110874	0.000152235
1486	100	0.000502245	0.000161327
1487	100	0.000261733	0.000174979
1489	100	0.00122853	0.000191875
1490	200	0.000115031	0.000163204
1491	200	0.00178162	0.000221621
1492	100	0.0013955	0.000152732
1493	100	9.75424e-07	0.000178892
1496	100	-0.00186441	0.00018024
1497	100	-0.0024621	0.000216392
1498	100	-0.000155178	0.000169695
1499	200	0.000136921	0.000205754
1500	200	0.000199647	0.000182399
1501	100	-0.00140427	0.0001363
1502	300	-0.000166574	0.00019947
1503	100	0.000165839	0.000184886
1504	100	-0.000563963	0.00019596
1508	400	-0.000967666	0.000182244
1509	100	-0.00116871	0.000238179
1512	300	-0.000147032	0.000187101
1514	300	0.000672989	0.000207825
1515	200	0.00282214	0.000192223
1517	100	0.00138535	0.000178356
1518	200	-1.6177e-05	0.000165617
1521	200	0.00113564	0.000161268
1522	100	-0.000829773	0.00017957
1523	300	-0.000364996	0.000181829
1524	100	-0.000985554	0.000205371
1525	100	0.00211598	0.000161657
1527	100	-0.000614099	0.000171542
1528	200	-0.000528599	0.000199321
1529	100	-0.000792956	0.000219832
1530	100	0.000654791	0.000170792
1532	200	-7.49677e-05	0.000142266
1533	200	2.03006e-05	0.000173917
1534	200	0.000743844	0.00016616
1536	200	0.00154337	0.000228677
1538	200	0.00101414	0.000181954
1539	100	0.0021075	0.000179489
1541	300	0.000381086	0.000151182
1542	100	-0.0012734	0.00023907
1544	100	-0.00157071	0.000204394
1547	100	-0.00115873	0.000192115
1548	100	0.000508755	0.000161751
1549	200	0.000800625	0.00018037
1550	300	-0.000574832	0.000183816
1552	200	-0.00219342	0.000178798
1554	100	0.000489154	0.000143786
1556	100	0.00285266	0.000182165
1557	200	0.0010913	0.00017665
1559	100	0.000892691	0.000160817
1560	100	-0.000767451	0.000122204
1561	200	0.00167338	0.000188828
1563	300	-0.000733325	0.000169927
1565	400	-0.000566859	0.000186486
1566	200	-0.00143345	0.00018875
1567	100	-0.000866939	0.00021566
1568	100	-0.00110208	0.000236647
1569	100	-0.00144053	0.000226247
1571	100	-0.00163388	0.000193824
1572	100	-0.000803289	0.00021846
1574	100	0.00137939	0.000162705
1575	200	-0.00184719	0.000179986
1578	200	4.37754e-05	0.000178377
1580	200	0.00139731	0.00021389
1581	200	9.59038e-06	0.000183266
1582	100	0.00188929	0.000158827
1583	100	0.000359686	0.00023851
1584	200	-0.000235201	0.000193589
1586	400	0.00044559	0.000165905
1587	200	0.000287282	0.000181659
1588	200	0.000780663	0.000189156
1589	100	-0.000959457	0.000166077
1590	100	0.000482699	0.000195476
1591	100	0.000664784	0.0001456
1593	100	-0.000173881	0.000162157
1595	200	0.00214209	0.000188075
1596	100	-0.000365295	0.000162044
1598	200	0.000558663	0.000198998
1599	200	0.00120329	0.000209896
1601	400	-0.000294328	0.000192615
1602	300	0.000934189	0.000192885
1603	100	-0.000188588	0.000201997
1604	300	-0.000496777	0.000183267
1605	200	0.000261574	0.000173042
1606	100	-0.000941171	0.000153094
1607	100	-0.000338921	0.000159523
1609	100	-0.000260608	0.000176389
1612	300	0.00155073	0.000198844
1613	100	-0.00201188	0.00015312
1614	100	0.00119437	0.000150681
1615	100	0.000410076	0.000211526
1616	300	0.0021419	0.00017458
1617	300	-0.000289342	0.000169717
1618	100	0.00116802	0.000195667
1619	100	-0.00212343	0.000161514
1622	100	-0.00106587	0.00015363
1623	200	0.00181748	0.00025485
1624	100	-0.000347354	0.00015464
1626	100	-0.000688198	0.000142674
1627	400	-0.00043208	0.000178732
1629	100	0.0023605	0.000176676
1631	100	0.000345627	0.000144246
1633	200	-0.000674492	0.000178184
1634	100	-0.00140032	0.000158816
1635	300	-0.000169098	0.000153841
1637	200	0.00137677	0.000179951
1639	200	-0.000886636	0.000191599
1641	100	-0.000115954	0.000176584
1642	200	-0.00152145	0.000206211
1643	300	0.000420501	0.000162979
1645	100	-0.000569082	0.000204685
1646	100	-0.000546171	0.000146301
1647	100	-0.00167719	0.000127197
1648	100	0.00108401	0.00014834
1649	100	-9.05417e-05	0.000226271
1650	100	0.000913173	0.000198949
1651	200	0.00113424	0.00019806
1653	100	-0.002293	0.000176292
1655	100	0.000822435	0.000162287
1657	200	0.000407274	0.000207194
1658	400	-0.000327924	0.000154761
1660	100	-0.000781847	0.000232804
1661	200	0.000301837	0.00017407
1663	400	0.00085361	0.000186875
1664	100	0.000794503	0.000182759
1665	100	0.00292134	0.000210807
1669	200	-0.000277524	0.000181662
1671	100	0.000299067	0.000165914
1674	100	0.00225825	0.000175232
1676	200	0.000597571	0.000161777
1678	300	0.00216747	0.000178869
1680	100	-0.0023534	0.000207053
1683	300	-0.000507467	0.000194501
1684	200	0.000434848	0.000171972
1689	100	-0.000367363	0.000201147
1690	200	0.00204846	0.000181542
1691	200	0.00132318	0.000173212
1692	100	-0.00243516	0.000194038
1695	100	0.000461584	0.000163869
1696	100	-0.000321028	0.000183861
1697	100	0.00125161	0.000156074
1698	100	0.00022298	0.000206429
1700	200	0.000639665	0.00018967
1701	100	-0.00107987	0.000172846
1702	200	-0.00054109	0.000131856
1705	200	0.0004382	0.000196141
1708	200	0.00253096	0.00019402
1711	100	-0.000708436	0.000147903
1713	200	0.00165623	0.000197031
1715	200	-0.000821875	0.000192443
1716	100	-0.000443752	0.000186433
1717	100	0.0018251	0.00018573
1718	100	0.00028527	0.000180956
1719	100	0.00131525	0.00014259
1722	200	0.000309681	0.00020162
1723	100	-0.000926727	0.000145538
1725	400	-0.00048508	0.00018428
1727	100	-0.000745863	0.000178684
1729	100	0.00196151	0.00017644
1735	300	0.000165576	0.000164433
1736	100	-0.000478708	0.000185672
1737	200	2.13523e-05	0.000170205
1738	100	-0.000770916	0.000134329
1739	200	-0.000706034	0.000153447
1741	100	-0.00128917	0.000149669
1742	100	0.000155956	0.000150524
1743	100	-0.000300222	0.000170675
1744	200	7.30392e-05	0.000174727
1745	100	0.00213936	0.00014339
1746	100	0.000172287	0.000222235
1748	100	0.00123948	0.00015621
1750	100	0.000408368	0.000138648
1752	100	-0.000575928	0.000179112
1754	200	-9.30356e-05	0.000182558
1756	100	-0.00140447	0.000193547
1758	100	0.000708305	0.000205995
1759	100	0.000732362	0.000149871
1760	100	0.00134808	0.000185207
1766	100	0.00178697	0.000213989
1767	100	0.000331598	0.000153043
1770	200	-0.000528496	0.000184738
1773	200	0.000445056	0.000166206
1776	200	0.000773721	0.000176688
1778	100	0.000995292	0.000179055
1779	100	-0.00102413	0.000155717
1781	100	0.000464083	0.000178223
1784	100	-0.00174643	0.000227116
1785	100	-0.000165687	0.000156058
1791	100	0.00403136	0.000196035
1796	100	0.00143546	0.000197051
1801	100	0.000450891	0.000165491
1803	100	0.000502082	0.000169852
1804	200	-0.000191226	0.000169821
1807	100	-0.000681278	0.000149714
1810	100	0.00308062	0.000179271
1811	100	0.000687013	0.000199003
1813	100	-0.000113909	0.000189372
1815	100	-0.00187413	0.000153928
1817	200	-0.00085227	0.000142275
1818	200	0.000995253	0.000183549
1826	100	0.000603792	0.000191225
1827	100	0.000321182	0.00019857
1828	100	-0.00233098	0.000195684
1837	100	0.00033034	0.000230252
1840	200	-0.000930814	0.000153022
1843	100	0.00157593	0.000185903
1844	100	0.00037602	0.000138779
1847	100	0.0013215	0.000186519
1854	300	0.000554978	0.000154486
1855	100	0.00145337	0.000156982
1856	100	0.00334455	0.000195875
1857	100	0.00179903	0.000236168
1858	100	-0.000921321	0.000160715
1860	300	-0.000668202	0.000165589
1862	100	-0.00043686	0.000173009
1863	300	0.000475428	0.000175965
1869	100	-0.000361438	0.000183641
1870	200	-0.000360152	0.000180539
1871	100	0.00100326	0.000142244
1874	100	0.000219956	0.000139952
1875	100	0.000678522	0.000177395
1876	100	0.000635414	0.000149448
1878	200	0.00110174	0.000172284
1881	200	0.000696139	0.000179728
1882	100	0.0025881	0.000181145
1887	200	-0.000224403	0.000183505
1888	100	0.00234386	0.000180316
1894	100	-0.00103422	0.000167333
1895	100	-0.00222007	0.000167694
1906	100	-0.00139431	0.000160979
1907	100	-0.000849584	0.000151457
1912	100	0.00427977	0.000178287
1915	200	0.00157685	0.000187604
1916	200	0.000789928	0.000192699
1919	100	0.00128849	0.000147498
1920	200	0.000871425	0.000198014
1924	200	0.00153553	0.000200781
1926	100	-0.00238031	0.000178872
1928	100	0.00229699	0.000179788
1929	100	0.00108143	0.000160366
1930	100	0.000366274	0.000210284
1934	100	0.000814077	0.000181354
1935	200	-6.86176e-05	0.000154402
1938	100	-4.54552e-06	0.000179431
1940	100	-0.000839052	0.000167319
1941	100	0.000268354	0.000152307
1942	100	-0.000567539	0.000154043
1947	200	-0.000148538	0.000157974
1949	100	0.00027139	0.000205843
1951	100	0.00121271	0.000199077
1954	100	0.000728369	0.000156339
1956	200	-0.000463416	0.000156984
1957	100	-9.07845e-05	0.00015359
1958	100	7.54857e-06	0.000180582
1965	100	-0.000408503	0.000203494
1966	100	0.000862658	0.000174568
1970	100	0.000204554	0.000139472
1972	200	6.66592e-05	0.000175918
1975	100	8.1345e-05	0.000155561
1980	100	8.81789e-05	0.000191828
1985	100	0.000477874	0.00019432
1987	200	-0.000695542	0.000155562
1990	100	-0.000314906	0.00020918
1992	100	0.000420887	0.000185025
1996	100	-0.00131543	0.000181643
2003	100	0.00132994	0.00015665
2014	100	-0.000888828	0.000202794
2019	100	0.00140129	0.000140456
2020	100	-0.00013388	0.000168622
2025	100	0.000379189	0.000175631
2026	100	0.00101625	0.000229972
2032	200	0.0011	0.000174968
2033	300	0.000626765	0.000165362
2036	100	-0.00013641	0.000215253
2039	100	0.00105258	0.000136571
2040	100	-0.00140449	0.000210121
2044	100	0.000740812	0.000169204
2047	100	-0.00063045	0.000148398
2051	100	0.000955959	0.000154365
2053	100	-0.000920939	0.000188537
2054	100	-0.00260744	0.000144769
2055	100	0.00115425	0.000166254
2057	100	0.00174947	0.000174498
2058	100	-0.00180249	0.000182791
2059	100	-0.000841178	0.000212502
2066	100	-7.05997e-05	0.000170728
2068	100	-0.000422409	0.00018922
2072	200	-0.000283196	0.000188718
2074	100	0.000136961	0.000194228
2080	100	0.00128216	0.000238134
2083	100	-0.00176561	0.000140844
2087	300	0.000663161	0.000148005
2092	200	0.000907955	0.000215946
2099	100	7.14307e-06	0.000154471
2100	100	-0.00192048	0.000180886
2101	100	0.000858914	0.000220531
2107	100	0.0015117	0.000209719
2113	100	0.000604715	0.000177569
2121	100	0.0022466	0.000203846
2126	100	-0.00109364	0.000193126
2129	100	0.00339325	0.000180233
2130	100	0.000356219	0.000183688
2131	100	0.002073	0.000225919
2133	200	0.00140407	0.000187185
2135	100	0.00191202	0.000189625
2137	200	-3.23188e-05	0.000153772
2139	100	0.000290504	0.000168807
2142	100	0.00121967	0.000165298
2147	200	0.000823953	0.000161134
2149	100	-0.000898543	0.000153242
2154	100	-0.00148142	0.000179115
2159	100	-0.00101994	0.000173074
2160	100	0.00119035	0.000178427
2161	200	0.000317825	0.000177409
2163	100	-1.60763e-05	0.000168286
2165	100	0.00263863	0.000219658
2166	100	0.000696391	0.00014306
2168	100	-0.00158943	0.000169032
2172	100	-0.000368426	0.000171858
2173	100	0.000471771	0.000189332
2174	100	0.000946843	0.000179731
2175	100	0.00118081	0.000198615
2176	200	0.000914853	0.000166976
2178	100	-0.000874699	0.000153624
2179	100	0.00267577	0.000191198
2182	100	0.00019393	0.000179058
2184	200	-0.000409288	0.00015117
2189	100	0.000124752	0.000211507
2190	100	0.00142303	0.000213075
2193	200	0.000119267	0.000155544
2195	200	6.76982e-06	0.00013642
2197	100	-0.00206489	0.000163543
2198	100	0.00197592	0.00018128
2201	200	0.00127119	0.000177341
2208	200	0.000338584	0.000165963
2210	100	0.000732457	0.000145067
2214	300	0.000853691	0.000186024
2216	100	0.00145997	0.000169316
2217	400	0.000882621	0.000151733
2218	100	-0.00225927	0.000163522
2219	100	0.00154481	0.000174633
2220	100	0.00216404	0.000179835
2221	100	0.000347829	0.000137992
2223	100	0.00109928	0.000132507
2224	100	0.000644392	0.000155786
2226	300	-0.000261991	0.000185184
2235	100	-0.00247376	0.000202491
2238	100	0.00093259	0.000216716
2239	100	-0.000228439	0.000168581
2240	100	0.00280727	0.000204251
2241	200	-0.000316158	0.000163598
2244	200	-0.00144943	0.000155337
2245	100	0.00134054	0.000189372
2246	100	0.00388136	0.000188728
2248	100	0.000121597	0.000175018
2250	100	0.00132151	0.000182966
2252	300	-0.000137317	0.000164135
2255	300	0.000701917	0.000201112
2258	100	0.0015612	0.000163827
2259	200	0.000100931	0.000170926
2261	200	0.000200872	0.000171847
2262	300	-0.000571467	0.000160466
2269	100	0.00218967	0.000163138
2270	100	0.00133976	0.000145173
2272	100	0.000328816	0.000184261
2273	100	0.000349937	0.000158716
2274	100	0.00125207	0.000148977
2277	200	-0.000113358	0.000149086
2278	100	0.000958645	0.000169358
2279	100	-0.00200128	0.000182721
2281	100	0.000517174	0.000123
2283	100	-0.00277991	0.000148828
2286	100	9.40545e-05	0.000188217
2291	200	0.000761866	0.000129361
2292	100	-0.000275368	0.000186168
2296	200	0.000514358	0.000188326
2298	200	-0.00180986	0.000172962
2299	100	-0.000336462	0.000154294
2300	100	-0.00039403	0.000139123
2302	200	0.000212829	0.000152781
2305	300	0.00258149	0.000188003
2306	100	0.00083326	0.000172358
2307	100	0.000223285	0.000206005
2308	100	-0.000477704	0.000126056
2309	100	0.000227118	0.000154361
2311	200	-0.000113123	0.000200908
2313	100	-0.000453376	0.000168168
2318	100	-0.00233798	0.000138704
2319	100	0.000602421	0.000195232
2320	200	-0.000338712	0.000169674
2321	100	0.00257103	0.00021368
2322	200	-0.000327156	0.000216174
2324	400	0.000745209	0.000192329
2326	100	0.000330544	0.000142692
2328	100	-0.000985331	0.000150064
2330	100	-3.0262e-06	0.00015209
2332	200	-0.000339646	0.000164671
2334	100	0.000735444	0.000183232
2335	100	0.000836715	0.000152657
2336	100	8.93185e-05	0.000173913
2337	200	0.000629648	0.000168659
2339	100	-0.000615697	0.000133126
2340	100	-0.00126429	0.000160451
2341	200	-0.000277995	0.000149263
2344	100	0.0019502	0.000158526
2345	200	0.0025577	0.00015799
2346	100	-0.000741045	0.000144946
2349	300	0.00071221	0.000215664
2350	100	-0.000234069	0.000131641
2351	100	-0.000967905	0.000164098
2353	200	0.000316668	0.00016305
2359	100	-0.000150351	0.000178666
2360	100	0.000206431	0.000144112
2361	100	0.000324181	0.000205598
2368	200	-5.87585e-05	0.000175079
2369	100	0.00217799	0.000199795
2370	200	-0.000668288	0.000189419
2371	100	-0.00164204	0.000165516
2373	200	0.00153458	0.000133029
2376	100	0.000938392	0.000136632
2378	100	0.000244033	0.000148773
2379	100	0.00256045	0.000165116
2385	200	0.00102265	0.000187445
2386	100	0.00220162	0.000197832
2390	100	0.00114307	0.000180659
2395	100	-0.000781852	0.000187535
2396	100	-0.00142941	0.000157926
2398	100	-0.000536723	0.000190467
2400	100	-0.000253259	0.000181889
2401	200	0.000265811	0.000178169
2402	200	-0.000991901	0.000180539
2403	100	-0.00106934	0.000166524
2408	200	0.00137154	0.000181299
2411	100	0.00199516	0.000169377
2412	200	-0.00035709	0.000175044
2413	200	0.000300142	0.000182984
2416	100	2.23708e-05	0.000187204
2417	100	0.000913819	0.000169823
2418	200	-0.00047729	0.000147465
2420	100	0.00301813	0.000152518
2422	100	-0.00378655	0.000145554
2423	100	-0.00144216	0.000173691
2424	100	0.00117939	0.00017664
2425	100	0.00247961	0.000142348
2428	100	-0.00206426	0.00015208
2429	100	0.00112958	0.000162453
2430	100	-0.000387715	0.000196751
2434	100	0.000388817	0.000198834
2436	100	0.000506395	0.000206098
2437	100	0.00194708	0.000167058
2438	100	0.000338732	0.000134876
2439	200	-0.00129786	0.000218948
2440	100	0.00380595	0.000166098
2441	100	-0.00205515	0.000157079
2442	100	-0.00027951	0.0001422
2446	100	0.000627619	0.000200009
2447	100	0.000622297	0.000167042
2448	100	0.00148743	0.000180583
2449	300	0.0011329	0.000157622
2451	100	-0.00115057	0.000176914
2452	100	0.000316436	0.000200862
2456	100	0.00159803	0.000153985
2458	100	-0.00105185	0.000165911
2462	100	0.00131805	0.000196214
2463	200	0.00138204	0.000169565
2466	100	0.00298001	0.000160972
2467	100	-0.00280181	0.000142316
2469	300	-0.000476186	0.000167673
2470	100	8.97854e-05	0.000135461
2471	100	0.00119121	0.000165068
2472	100	-0.000207334	0.000206962
2473	100	0.000598594	0.00017474
2475	100	0.000185986	0.000172268
2477	200	0.00181444	0.000186869
2479	100	-0.0014966	0.000161815
2480	100	0.00157434	0.000154956
2482	100	-0.00126219	0.000178654
2484	200	0.000484964	0.000166546
2486	100	-0.000526051	0.000190961
2487	100	-7.76235e-05	0.000146793
2488	100	0.00118151	0.000203875
2489	200	-3.18056e-06	0.000146707
2491	200	0.000950283	0.000199567
2492	100	-0.000214593	0.000156319
2493	200	-0.000458166	0.000178603
2495	100	0.0013681	0.00018505
2496	100	-0.000330888	0.000167313
2497	100	-0.000708933	0.000156897
2499	200	0.000430307	0.00016665
2500	100	0.00102508	0.000148128
2501	200	-0.000484506	0.000175907
2502	100	-0.00105421	0.000170582
2506	100	0.00155489	0.000230495
2507	100	0.00262301	0.000195822
2509	200	-9.86306e-05	0.000169947
2510	100	-0.000374577	0.000170377
2511	100	0.000213943	0.000153466
2512	100	0.0013829	0.000123693
2513	100	0.000769033	0.000184496
2515	100	0.000125999	0.000146741
2516	200	0.00185856	0.000134146
2517	100	-0.00194318	0.000144462
2519	100	0.00151874	0.0001669
2520	100	-0.000887341	0.00022654
2521	100	0.00184914	0.000183278
2524	100	-0.0012741	0.000190038
2525	100	0.00152431	0.000177941
2528	100	-0.00299998	0.00018217
2532	100	0.000908625	0.000172419
2533	100	0.000615674	0.000144106
2534	200	4.07094e-05	0.000177274
2541	100	0.00120172	0.000168461
2542	100	0.000653823	0.00013435
2545	100	0.000684238	0.000187566
2547	100	0.000271147	0.000194708
2551	100	-0.000316456	0.0001669
2553	100	0.00129053	0.000115108
2557	100	0.00174717	0.000152538
2558	100	-0.000916544	0.000178361
2560	100	-0.000126489	0.000141352
2562	100	0.000854884	0.000175226
2564	100	-0.000226838	0.00011888
2565	100	-0.000473046	0.000206044
2566	100	0.000190505	0.000206425
2568	100	-0.00168324	0.000203008
2569	100	0.000148751	0.000145146
2571	100	0.0001714	0.000198345
2572	200	-3.54243e-05	0.000157425
2574	100	0.0013371	0.000170496
2575	100	-0.000287408	0.000184465
2577	100	0.00290103	0.000159353
2578	100	0.000907031	0.000158396
2581	200	-0.000530018	0.00014044
2582	100	-0.000186937	0.000174509
2585	100	0.00234913	0.000192825
2587	200	0.000613498	0.000145249
2588	200	0.000271577	0.000150934
2589	100	-0.00154747	0.000205733
2590	200	-0.00108858	0.000158751
2591	100	0.000922161	0.000207158
2592	100	-0.000574298	0.000137197
2593	100	0.00102213	0.000145578
2594	100	0.00171087	0.000160547
2597	100	0.00146789	0.000170702
2599	100	0.00046312	0.000146352
2600	200	0.000845819	0.000144996
2602	200	0.000508088	0.0001861
2605	100	-0.001909	0.000160026
2608	100	0.000494393	0.00023518
2609	200	-0.00154798	0.0001697
2610	100	0.00198558	0.000153803
2611	100	0.000150715	0.000163677
2612	100	-0.00136265	0.000157812
2613	200	-0.00146181	0.000178649
2615	100	0.000665344	0.000127206
2618	300	0.000496427	0.000163426
2620	100	0.00105675	0.000176638
2621	200	0.000540546	0.00014978
2623	200	0.00013865	0.000139564
2626	300	0.000737483	0.000172735
2628	100	0.000680699	0.000179261
2629	100	-0.000101664	0.000207546
2631	100	-0.000574231	0.000139187
2636	100	-0.00104	0.00018918
2637	100	0.000412971	0.000194772
2640	100	-0.00243219	0.000164307
2642	100	-0.00175956	0.00021212
2646	100	0.00230834	0.000162915
2647	100	0.000616017	0.00014434
2648	100	0.00319781	0.000164371
2650	100	0.00141842	0.00017381
2653	100	0.000868348	0.000149915
2655	100	0.000542676	0.000161412
2657	200	-0.000583166	0.000162273
2659	100	0.000313706	0.000170524
2660	100	-0.000105191	0.000202952
2661	100	0.00139051	0.00018166
2663	100	0.000552789	0.000134874
2669	100	-0.00116066	0.000169103
2671	100	0.000304124	0.000159834
2672	100	-0.000592302	0.000192277
2675	200	-0.000569246	0.00017805
2678	200	-0.00147422	0.00015852
2679	200	5.36601e-05	0.000179642
2680	100	-0.000969748	0.000165839
2682	200	0.000307986	0.000162305
2686	100	0.00281538	0.000142886
2688	100	-0.000145919	0.000155509
2692	100	-0.000328048	0.000158895
2694	100	0.00422412	0.000183308
2695	100	-6.71076e-05	0.000162238
2698	100	-0.00131063	0.000137577
2699	100	-0.000600963	0.000177521
2702	100	9.56787e-05	0.000176398
2703	100	-9.50914e-05	0.000167245
2705	200	-5.28638e-05	0.000164256
2711	200	0.00157772	0.000163842
2712	100	-0.00145251	0.000174025
2717	100	0.000855996	0.00014984
2718	100	0.00151387	0.000211671
2719	100	0.000677302	0.000159987
2721	100	0.00106952	0.000165272
2722	200	0.000802478	0.000188155
2723	100	0.000443229	0.000131462
2724	100	-0.000811998	0.000156786
2725	300	0.000672812	0.000149145
2730	100	0.00154272	0.000170805
2732	200	-0.00237316	0.000191161
2733	100	0.00176238	0.000151328
2736	200	-0.000336778	0.000156593
2737	100	-0.000117511	0.000205669
2740	100	0.00223561	0.00022714
2742	100	-0.000436608	0.000133886
2743	200	-0.00025318	0.000178467
2748	200	-9.79125e-05	0.000143473
2753	100	0.00036184	0.000149503
2754	100	0.000750875	0.000164943
2757	100	0.00237927	0.000122839
2758	100	1.54396e-05	0.000201619
2760	300	0.000701985	0.000166448
2761	100	0.00130137	0.000149923
2767	200	-0.000547537	0.000185537
2769	200	0.000688446	0.000193798
2770	100	0.00250498	0.000215542
2772	100	0.000906021	0.000170049
2776	200	-0.00085607	0.000137911
2780	100	0.000386398	0.000144184
2789	100	0.00251783	0.000161435
2794	100	-0.000796336	0.000192789
2797	100	0.00101595	0.000191279
2803	100	0.00147365	0.000220621
2804	200	0.000793007	0.00015518
2809	100	-0.00160699	0.000149757
2812	100	0.000121012	0.000160134
2814	100	0.00187552	0.000220418
2818	200	-0.00127166	0.000190235
2819	100	0.00349954	0.000196022
2821	100	-0.000772432	0.000142802
2824	100	-0.000960446	0.000162554
2826	100	-0.00234841	0.000156506
2831	100	0.000196209	0.000160575
2834	100	-0.00305085	0.000186902
2836	100	0.00178811	0.00016977
2837	200	-0.000431557	0.000180379
2838	100	-0.000710363	0.000144643
2839	100	-0.000496798	0.000176996
2840	100	0.000619101	0.000152577
2846	100	0.000323524	0.000214121
2847	100	-0.000704307	0.000185885
2849	100	-3.70589e-06	0.000178822
2855	100	-0.000963419	0.000134717
2856	200	0.000970581	0.000175492
2857	100	-0.00113302	0.000179886
2863	100	-8.59318e-05	0.00015609
2865	100	-0.000962137	0.000180006
2866	100	0.00390939	0.000184609
2869	100	-0.00168493	0.000161361
2872	100	0.000211579	0.000179343
2873	100	-4.79274e-06	0.000204582
2875	100	0.00240066	0.000162755
2876	200	0.00116002	0.000167864
2879	100	-0.000905468	0.000190876
2895	100	0.00122558	0.000123051
2900	100	0.000340377	0.000203236
2902	100	-0.000764719	0.000179127
2904	100	-0.00215892	0.000215494
2909	100	0.00133989	0.000193696
2911	100	-0.00071475	0.000134068
2921	100	0.000135678	0.000145702
2925	100	0.00022661	0.000150186
2940	100	0.000933653	0.000194788
2942	100	0.000499332	0.000195274
2975	100	0.000557211	0.000143992
2979	200	0.000654884	0.000154429
2981	100	0.000894917	0.000145044
2998	100	-0.000192337	0.000203615
3003	200	0.000328246	0.000139241
3004	100	0.00100798	0.000133742
3017	100	-0.000612355	0.000160767
3019	100	3.14363e-05	0.000198666
3020	100	-0.000873405	0.000164247
3025	100	0.00171186	0.000149808
3027	100	0.00266404	0.000172728
3029	100	-0.00125571	0.000122128
3033	100	-0.000958447	0.000169517
3039	100	-0.00181621	0.000154378
3043	100	-5.23739e-05	0.000184614
3044	100	0.00119401	0.000172764
3046	100	0.000459605	0.000212905
3055	100	-0.000108721	0.000174679
3062	100	0.000958098	0.00020307
3063	100	-0.000250108	0.000181612
3065	100	0.00100096	0.000162303
3069	100	0.000594196	0.000155341
3075	100	0.0028696	0.000151988
3076	100	-0.00186894	0.000173657
3078	100	0.000249783	0.000227212
3080	100	0.000721748	0.000178232
3082	100	-0.00123579	0.000161771
3084	100	0.00068799	0.000213088
3085	100	-0.00196876	0.000209149
3106	100	0.00163841	0.000206297
3117	200	0.000838115	0.000177689
3119	100	0.00249763	0.000162404
3124	100	0.000266017	0.000172357
3136	100	0.00134226	0.000156427
3137	100	0.00065141	0.0001665
3138	100	0.00157488	0.000136092
3140	100	-0.00083719	0.00016408
3151	100	-0.000521983	0.000160329
3155	100	-0.00200577	0.00015443
3166	100	0.000810579	0.000187563
3167	100	-0.00108423	9.85568e-05
3172	100	0.00165812	0.000182358
3176	100	0.0021365	0.000200304
3179	100	0.00275814	0.000190839
3186	200	0.00147604	0.000181884
3192	100	0.00125212	0.000146439
3193	100	-0.00048979	0.000172849
3199	100	0.000423475	0.000187625
3210	100	0.000649775	0.000164621
3216	100	0.00105436	0.000156578
3220	100	-0.000601125	0.000157189
3221	100	-0.00172152	0.000221428
3242	100	-0.000988206	0.00017782
3244	100	1.37088e-05	0.000149202
3250	100	-0.000634556	0.000114056
3255	100	0.00182519	0.000187365
3259	100	0.00126259	0.000149703
3261	100	-0.000811824	0.000182805
3275	100	0.00236435	0.00016514
3278	100	0.00179407	0.000186921
3281	100	0.00164139	0.000100422
3286	100	0.00126381	0.000160081
3287	100	0.00165511	0.000194666
3296	100	-0.000334336	0.000192395
3298	100	8.39479e-05	0.000220426
3304	100	-0.000422837	0.00019104
3306	100	0.000745251	0.000242286
3313	200	-0.000123443	0.000164991
3316	100	0.000314306	0.000163958
3328	100	0.000757019	0.000178084
3347	100	0.000896441	0.000136529
3350	100	-0.00058563	0.000204815
3354	100	0.000557347	0.000221842
3356	100	0.00283194	0.000185179
3360	100	-0.00123114	0.000182068
3366	100	0.00222825	0.000150557
3368	100	-0.00019654	0.00021612
3373	100	-6.00112e-06	0.000155439
3374	100	0.00122667	0.000160462
3375	100	-0.00099489	0.000162943
3379	200	0.000178139	0.000177531
3381	100	0.000586913	0.000188682
3384	100	-0.00191948	0.000200372
3389	200	-0.000421	0.000175962
3390	100	-0.00319689	0.000185057
3401	100	-0.000827226	0.000134746
3405	100	0.000265992	0.000184327
3414	200	0.000252877	0.000210121
3430	100	0.000202525	0.000186092
3436	100	0.000292235	0.000199814
3438	100	-7.83115e-05	0.000163176
3442	100	0.000312555	0.000190918
3446	100	0.00158278	0.000176499
3455	100	0.00038912	0.000201551
3458	100	0.000796875	0.00014237
3461	100	0.000495806	0.000162424
3468	100	-0.00211827	0.000151437
3472	100	0.000534662	0.000145591
3475	100	-0.00126173	0.000180044
3480	100	0.00148199	0.000200924
3487	100	-0.000665076	0.000132262
3488	100	0.000652433	0.000171891
3495	100	0.00162828	0.000168
3496	100	0.0029794	0.000173113
3503	100	0.000512659	0.000150045
3510	100	-8.44443e-05	0.000148329
3525	100	-0.00204917	0.000181038
3530	100	0.00133806	0.000181469
3535	100	0.00058764	0.00016801
3540	100	0.00101844	0.000186513
3548	100	-0.00135828	0.000214111
3549	100	0.00253293	0.000145546
3550	100	0.00384276	0.000247433
3554	200	-0.000736667	0.000169665
3557	100	0.00124383	0.000182571
3558	100	-0.00025735	0.000261647
3561	100	0.000207254	0.000154448
3568	100	0.00129763	0.000173099
3570	100	0.000519853	0.000182932
3578	100	0.00243073	0.000163538
3584	200	0.000302851	0.000171835
3588	100	0.001569	0.000138884
3591	100	0.000910552	0.000183516
3600	100	0.000995045	0.000169593
3602	100	0.00149958	0.000197722
3605	100	-5.02235e-05	0.000220878
3611	100	0.000718981	0.000148623
3634	100	-0.0020498	0.000169344
3635	100	0.00119929	0.000166953
3636	100	0.00053609	0.000154523
3644	100	0.000616989	0.000207679
3648	100	-8.11393e-05	0.000190792
3650	100	0.00133786	0.000204988
3658	100	0.000375235	0.0001799
3661	100	-0.000129086	0.000169815
3664	100	0.000249645	0.000176521
3678	100	0.00165751	0.000185681
3680	200	0.00246131	0.00019211
3693	100	0.000129835	0.000200713
3698	100	-0.00156561	0.000216834
3705	200	0.000827461	0.000189065
3712	100	0.00196542	0.000211709
3725	100	0.000755759	0.000180856
3735	200	0.000807203	0.000169126
3748	100	0.00314376	0.0001802
3754	100	-0.000209878	0.000214115
3761	100	-0.000261926	0.000198728
3766	100	0.000673537	0.000158883
3770	100	0.00318821	0.000252187
3772	100	0.000618286	0.000183154
3776	100	-0.001827	0.000204101
3781	100	-0.00227663	0.000159502
3795	100	0.00135005	0.000163856
3798	100	0.00194019	0.000114434
3803	100	-0.000873637	0.000177538
3807	100	-6.17448e-05	0.00016367
3808	100	0.00302412	0.000213274
3827	100	-0.000799885	0.000214838
3831	100	0.000222131	0.000207702
3833	100	0.000939688	0.000182773
3839	100	0.00106678	0.000187175
3848	100	-0.00342029	0.000157184
3852	200	0.0017634	0.000173778
3854	100	0.000151043	0.000220898
3894	100	0.000694282	0.000199612
3902	100	0.00389088	0.000221361
3904	100	0.000300573	0.000186907
3906	100	-0.000518495	0.000173608
3909	200	-0.000307911	0.000203064
3914	100	0.00152347	0.000184723
3915	100	-0.00235487	0.000177715
3916	100	0.0028788	0.000180952
3927	100	0.00210316	0.000197646
3934	100	0.00236149	0.000221647
3945	100	0.00129537	0.000180742
3947	100	0.00101664	0.000153984
3949	100	-0.00039055	0.000186201
3970	100	0.000849245	0.000196501
3973	100	0.0013141	0.000171955
4001	100	0.0014662	0.000174259
4021	100	-0.00014434	0.000138143
4022	100	-0.000874854	0.000170083
4028	100	0.0017485	0.000177633
4042	100	0.000481642	0.000187427
4058	100	0.00222195	0.000195519
4062	100	-0.000443952	0.000235004
4064	100	0.00182379	0.000194837
4070	100	0.00075806	0.000181592
4071	100	-0.000319579	0.000209866
4076	100	0.000837006	0.000186572
4082	100	0.000147336	0.000188763
4084	100	6.86957e-06	0.000183182
4095	100	0.000336288	0.000198384
4096	100	0.00103291	0.000134914
4102	100	-0.00072633	0.00019316
4120	100	0.00127811	0.000175477
4126	100	-0.00117884	0.000200633
4143	100	0.000259471	0.000201343
4151	100	0.00222417	0.000190871
4154	200	0.000477078	0.000170191
4158	100	-0.00034338	0.000153274
4168	100	0.00100628	0.000153139
4170	100	0.00116615	0.000194665
4178	100	0.000863965	0.000180247
4182	100	-0.00186013	0.000193659
4195	200	0.000686813	0.000194441
4199	100	0.000572512	0.000166877
4200	100	0.000494938	0.000171491
4208	100	0.00119365	0.00020975
4215	100	0.00276168	0.000204163
4230	100	0.000771764	0.000199076
4241	100	-0.00168024	0.000189602
4248	100	0.00125296	0.000163263
4269	100	0.00216894	0.00020184
4274	100	-4.08983e-05	0.000179641
4282	100	0.00073547	0.000170157
4297	100	7.149e-05	0.000150444
4304	100	0.0014379	0.0001635
4308	200	0.00124814	0.000182662
4310	200	0.00125906	0.000207474
4316	100	0.00174799	0.000222388
4317	100	0.000944451	0.000128527
4321	100	-0.000705927	0.000181204
4324	100	0.00260254	0.000159834
4342	100	-0.000947632	0.000150541
4345	100	-0.000724034	0.000215943
4348	100	0.000845632	0.000214171
4358	100	0.000891473	0.000190342
4359	100	-0.000500932	0.000174657
4365	100	-0.00199378	0.000229916
4366	100	0.000204799	0.000221737
4389	100	0.000579207	0.000167394
4391	100	-0.00101493	0.000181807
4393	200	0.000472891	0.000199104
4400	100	0.00275693	0.000230425
4405	100	0.00156845	0.000226643
4406	100	0.00100843	0.000214775
4410	100	0.00111013	0.00025171
4420	100	0.00122041	0.00023397
4421	100	0.00124543	0.00023657
4424	100	0.000400079	0.000176066
4425	100	0.00129237	0.000214129
4435	100	-0.00169198	0.000165968
4439	100	0.00105113	0.000156423
4441	100	0.00250393	0.000182405
4443	100	-0.000716691	0.000213565
4449	100	0.00156844	0.000196733
4451	100	-0.000827944	0.000175629
4454	100	-5.05508e-05	0.000203358
4457	100	0.00153088	0.00016581
4461	100	0.000454168	0.000185866
4463	100	-0.00203306	0.000208499
4466	100	0.0022135	0.000171964
4469	100	-0.000463971	0.000204095
4480	100	0.00247314	0.000222522
4490	200	0.000499079	0.000153264
4491	100	-0.00144485	0.000200207
4499	100	0.00141667	0.000189512
4503	100	-0.000128696	0.000129707
4517	100	0.000121878	0.000188167
4522	100	0.00318944	0.000203837
4547	100	-0.00131221	0.000210142
4566	100	0.00302086	0.000196098
4575	100	0.00330852	0.000176451
4593	100	0.00228011	0.000204381
4596	100	0.00177973	0.000198516
4602	100	-0.00126179	0.00020505
4604	100	0.00192833	0.000173625
4609	100	0.001873	0.000177055
4612	100	0.000916015	0.000214252
4618	100	0.000453832	0.000236064
4632	100	-0.000112863	0.000243713
4639	100	-0.000643051	0.000176405
4640	100	0.00054084	0.000135802
4660	100	0.00117627	0.000259278
4662	100	-0.000571041	0.00019374
4663	200	0.00026079	0.00021093
4674	200	-5.98843e-05	0.000173387
4681	100	0.000230832	0.000257659
4706	100	-0.000603634	0.000210805
4707	100	0.00116983	0.000218066
4708	100	-0.00269039	0.000171624
4714	100	0.000227787	0.000160312
4717	100	-0.00151749	0.000203352
4721	200	-0.000501917	0.000240412
4739	100	-0.00114574	0.000144963
4759	100	0.00127802	0.000135481
4765	100	0.00253012	0.000192673
4778	100	0.000912023	0.000175046
4781	100	-0.000493208	0.00020953
4790	100	-0.000580837	0.000206259
4794	100	-0.00130569	0.00016692
4798	100	0.0013362	0.000221423
4820	100	-0.00268775	0.000249051
4824	100	0.000728217	0.000188992
4826	100	-0.000713129	0.000207976
4827	100	0.00128143	0.000239993
4828	100	0.000568083	0.000199542
4831	100	0.00159215	0.00019601
4839	100	0.00143259	0.000206748
4841	100	-0.00194527	0.000243069
4847	100	-0.000796606	0.000189208
4855	100	0.00127019	0.000220522
4865	100	0.00353403	0.000235074
4888	100	0.000256544	0.000196622
4891	100	0.00295045	0.000234419
4894	100	0.00115724	0.000225168
4896	100	-0.00136327	0.000193062
4904	100	0.00112667	0.000238011
4929	100	-0.000207553	0.000192648
4931	100	-0.0031616	0.000226274
4946	100	-0.0012756	0.000233431
4975	100	0.000382771	0.00016761
5018	100	6.2894e-05	0.000219898
5026	100	0.00122623	0.000225666
5035	100	-0.00116902	0.000188619
5040	100	-0.000577428	0.000167806
5067	100	-0.00154649	0.000267779
5089	100	0.0011193	0.000200074
5099	100	0.000621636	0.000168736
5105	100	0.00117917	0.000194054
5125	100	0.000799543	0.000196796
5142	100	0.00111237	0.000179639
5152	200	-0.000191571	0.000225444
5166	200	0.000742442	0.000218624
5172	200	0.00181872	0.000201515
5175	100	0.000675895	0.000173986
5191	100	-7.94438e-05	0.000216671
5192	100	-0.00110572	0.000193424
5198	100	0.000367228	0.000213251
5199	100	0.000977494	0.00020214
5201	100	0.000277887	0.000287083
5217	200	-0.00049757	0.000235914
5223	100	-0.000812737	0.000193799
5241	100	0.000748723	0.00027246
5252	100	0.00368213	0.000235774
5269	100	0.00111206	0.000208395
5271	100	0.00178259	0.000179866
5284	100	0.000714063	0.000217007
5330	100	0.00235303	0.000184396
5333	100	0.000919503	0.000192913
5356	100	-0.00081285	0.000241137
5385	100	0.00150929	0.000227231
5407	100	0.000428874	0.000189098
5414	100	0.00064961	0.000229217
5427	100	0.00115976	0.000180701
5442	100	0.00194783	0.00020334
5499	100	0.00150729	0.000233066
5504	100	0.00192	0.000175706
5507	100	-0.00107299	0.000183738
5508	200	-0.00137062	0.000187537
5510	100	-0.000249208	0.000166417
5512	100	-0.00174654	0.000154762
5534	100	0.00298676	0.00020592
5544	100	0.00101108	0.000178084
5611	100	-0.00201128	0.000216951
5617	100	0.000508389	0.00021303
5641	100	0.00137654	0.000254414
5694	100	0.000976263	0.000232898
5730	100	0.000749923	0.000193727
5767	100	-0.00230945	0.000230058
5825	100	0.000965079	0.000258231
5828	100	0.00185911	0.000191781
5847	100	0.00173419	0.000266614
5892	100	0.00174154	0.000234501
5897	100	0.00109934	0.000213632
5974	100	-0.00139853	0.000225906
5981	100	-0.00194917	0.000220668
6000	100	-0.000847343	0.000186254
6018	100	0.00337682	0.000227903
6040	100	0.000727382	0.000309322
6053	100	0.00121256	0.000185046
6058	100	0.000799304	0.000220086
6066	100	0.000470455	0.000216648
6073	100	-0.0010619	0.000244772
6078	100	0.000242428	0.000205062
6084	100	0.000623051	0.000218105
6087	100	0.00126274	0.000224617
6094	100	0.000994332	0.000199668
6098	100	0.00232173	0.000213647
6111	100	0.000927034	0.000213481
6125	100	-0.000957085	0.000203922
6147	100	0.000616665	0.000215268
6150	100	0.000940952	0.000253297
6157	100	0.000445576	0.000259983
6166	100	0.00174326	0.000230207
6178	100	-0.000855309	0.000212707
6206	100	0.000524865	0.00027415
6210	100	-0.00066653	0.00026731
6214	100	0.00304719	0.000223647
6220	100	-0.0025955	0.000192944
6243	100	0.00376423	0.000249686
6244	100	0.000398815	0.000270086
6253	100	0.0002726	0.000222978
6260	100	-8.81349e-05	0.000270717
6262	100	0.000954697	0.000194149
6264	100	0.000843179	0.000192875
6293	100	0.00268687	0.000271264
6303	200	0.000865904	0.000233038
6325	100	-0.000781686	0.000218048
6326	100	-5.7962e-05	0.000170481
6329	100	-0.00144621	0.000256619
6330	100	0.0027266	0.000237396
6332	100	-0.000976286	0.000271813
6340	100	0.00178855	0.000211739
6350	100	0.000305588	0.000260125
6362	100	-0.000635441	0.000186545
6363	100	0.000584833	0.000175786
6370	100	-0.00108304	0.000223185
6371	100	-0.00100385	0.000273063
6375	200	-0.00207105	0.0002005
6376	100	-0.000730328	0.000223661
6383	100	0.000509695	0.00017474
6387	100	-0.000561995	0.000262434
6391	100	0.000677622	0.000267912
6402	100	0.00104736	0.000219264
6414	100	0.00202371	0.000173357
6418	100	0.000616642	0.000210044
6437	100	0.000616143	0.000174263
6439	100	-0.000255306	0.000232441
6440	100	-0.00137455	0.000147296
6441	100	-2.77274e-06	0.000218281
6457	100	-0.00143085	0.000267189
6468	100	-0.00256088	0.000236277
6472	200	0.00118496	0.000218862
6479	100	-0.000135904	0.000236982
6480	100	0.00104356	0.000254799
6484	100	7.74544e-05	0.000217132
6485	100	0.000605431	0.000196908
6491	100	0.000920349	0.000214684
6493	100	-0.0013649	0.0002212
6495	100	-0.000744559	0.000191907
6500	100	0.000177392	0.000223064
6506	100	-0.0008475	0.000200544
6511	100	0.000732212	0.00022851
6516	200	0.00147891	0.000186632
6521	100	-0.000555077	0.000246843
6530	100	0.00074835	0.000248827
6541	100	-2.9742e-05	0.000184582
6551	100	-0.000251782	0.000251388
6555	100	0.00134157	0.000211491
6557	100	-0.00291076	0.00023802
6565	100	0.000496711	0.00022394
6569	100	0.00142567	0.000246871
6595	100	0.00187467	0.000347309
6601	100	-4.40061e-05	0.000195039
6602	100	-0.000223236	0.000235873
6604	200	-0.000112556	0.000214107
6614	200	0.0002972	0.000239126
6616	100	0.00198541	0.000166763
6628	100	-0.00101525	0.000229803
6634	100	0.00215666	0.000258168
6638	100	0.00155341	0.000248489
6644	100	-0.00017758	0.000262743
6655	100	0.00191857	0.000188225
6661	100	0.00154685	0.00023168
6666	100	0.00103926	0.000347687
6669	100	-0.000825144	0.000245294
6671	100	-0.00172494	0.000196314
6674	100	-0.00158702	0.000214277
6678	100	0.00280234	0.000231571
6698	100	0.0017197	0.000244818
6706	100	0.000453054	0.000269469
6708	100	-0.000268624	0.000267582
6715	100	0.000115571	0.000214544
6716	100	-0.00150043	0.000231922
6719	100	0.000941557	0.000269582
6728	100	3.60309e-05	0.000275483
6731	200	-0.000483359	0.000195513
6737	100	0.000855049	0.000244394
6741	100	0.00448576	0.000242938
6744	100	-0.000796575	0.000243892
6745	100	0.00176763	0.000279696
6749	100	0.00111827	0.000287286
6754	100	0.00307571	0.000212896
6762	100	-0.00192949	0.000213381
6767	100	0.00133845	0.000303515
6787	100	0.00129514	0.000167493
6793	100	-0.00015367	0.000237488
6804	100	-0.00148014	0.000213351
6813	100	-5.71835e-05	0.000212032
6815	100	0.000809149	0.000220635
6816	100	-0.000554711	0.000211763
6819	100	0.000389882	0.000239342
6820	100	-0.000811229	0.00025476
6823	100	0.00190896	0.00031144
6826	100	-0.000775068	0.000224537
6829	100	1.79739e-06	0.000233118
6831	100	-0.000204157	0.000248335
6834	100	0.00175475	0.00020055
6839	100	0.00171362	0.00028813
6844	100	-0.000195208	0.000262281
6847	100	-0.000258106	0.000195868
6856	100	0.000745198	0.000178909
6861	100	-0.00150908	0.000199231
6862	100	0.00258009	0.000293486
6869	100	0.000496456	0.000230688
6881	100	0.00149623	0.000253332
6896	100	0.00188958	0.000197342
6902	100	0.0023638	0.000248959
6903	100	0.000617991	0.000258823
6905	100	-0.00147079	0.000239248
6920	200	0.00115313	0.000222661
6928	100	-0.000210612	0.000168918
6929	100	0.00312723	0.000321098
6940	200	-0.00194407	0.000219015
6944	100	0.00175032	0.000236092
6946	100	0.00021947	0.000266453
6953	100	-0.00261003	0.000202821
6961	100	0.00214929	0.000239846
6962	100	-0.00340846	0.000256422
6976	200	0.00109848	0.000229549
6978	100	0.000537535	0.000258657
6990	100	0.00359997	0.000243108
6992	100	-0.00238008	0.0002138
6997	100	-0.000781199	0.000196898
7012	100	-0.00120244	0.000164412
7013	100	-0.000179373	0.000281543
7016	100	-0.000466449	0.000227901
7021	100	0.00532131	0.000261276
7024	100	-0.000664784	0.000271716
7047	100	-0.00292366	0.000217958
7058	100	-0.00204397	0.000296585
7059	100	-0.000615573	0.000261329
7071	200	0.0023225	0.000249623
7080	200	0.0023955	0.00025177
7084	100	-0.00217571	0.000269827
7093	100	-0.0016673	0.000245898
7095	100	-0.000237476	0.000299556
7103	100	-0.00106423	0.000198218
7121	100	0.000304862	0.000205141
7127	100	-0.000212998	0.000209147
7146	100	0.000877903	0.000244411
7147	100	8.11316e-05	0.000212068
7156	100	-0.000334076	0.000226978
7192	100	0.00114009	0.000286224
7199	100	-0.000960026	0.000224195
7217	100	0.00093101	0.000204383
7224	100	0.00181996	0.000177694
7235	100	0.000353373	0.000237587
7239	100	-0.00309853	0.000221636
7249	100	-0.000240367	0.00029633
7252	100	0.00273108	0.000317653
7256	200	0.000494138	0.000203443
7261	100	0.00191723	0.000276338
7266	100	0.000427052	0.000226794
7277	100	0.00351905	0.000293198
7284	100	0.00333772	0.000278271
7306	100	0.00374688	0.000264698
7346	100	-0.00164622	0.000224486
7350	100	0.00121197	0.000269119
7353	100	0.000216605	0.000234085
7354	100	0.00148331	0.000234844
7363	100	0.000261419	0.000309298
7367	100	0.000627208	0.000205387
7368	100	0.00128818	0.000253387
7376	100	0.000463153	0.000257727
7380	100	-0.00157757	0.000234781
7394	100	0.000211382	0.000200426
7398	100	0.00184633	0.000289837
7404	100	0.00208711	0.000242631
7419	100	-0.00276103	0.000258698
7425	100	0.00357223	0.000289671
7427	100	0.00198343	0.000343369
7450	100	0.0019074	0.000297768
7470	100	0.00369212	0.000248219
7473	100	0.000651188	0.000260301
7480	200	-0.000198088	0.000267586
7494	100	0.000548302	0.000213573
7497	200	0.00150228	0.000234002
7503	100	0.000127845	0.000254655
7505	100	0.00538394	0.000305658
7507	100	0.00373159	0.000214804
7510	100	-0.00129568	0.000235372
7512	100	-0.00172226	0.000223861
7513	100	0.000132052	0.000206536
7518	200	0.000344505	0.000227435
7529	100	0.00164667	0.000244888
7542	100	0.000453339	0.000221144
7546	100	0.000114339	0.000247568
7549	100	0.00146866	0.00028041
7552	200	0.000667553	0.000281899
7556	300	0.00129748	0.000236111
7570	100	0.000551437	0.000253906
7583	100	-0.000670327	0.00018285
7590	100	0.00202993	0.000253205
7602	100	0.00441098	0.00022376
7609	100	0.0012162	0.000158708
7612	100	0.00143305	0.000249385
7619	100	-0.000761941	0.000209737
7621	100	0.000151055	0.000270769
7629	100	0.00133918	0.000186149
7630	100	0.00144763	0.000162582
7634	100	-0.000849948	0.000219808
7639	100	0.00200283	0.000177127
7642	100	0.000308175	0.000240088
7643	100	0.0019159	0.000268557
7650	200	0.00104377	0.000208235
7659	100	0.00188521	0.00017898
7670	100	-0.00101922	0.00017875
7673	100	-0.00190512	0.000179014
7690	100	0.00255236	0.000171105
7704	100	0.00182709	0.000166621
7706	100	0.00235226	0.000204087
7707	100	0.00138412	0.000205329
7711	100	-0.00121329	0.00027679
7712	100	0.00291507	0.000182615
7719	100	-0.000136335	0.000170848
7722	100	0.00118056	0.000138975
7724	100	-0.000676002	0.000174732
7726	100	0.00104245	0.000240906
7727	100	0.00156063	0.000158803
7734	100	0.00287199	0.000170023
7737	100	-0.000720651	0.000144432
7739	100	0.00040412	0.000180365
7742	100	-0.000180083	0.000172171
7745	100	3.59517e-05	0.000159671
7748	100	0.000390282	0.00014346
7749	100	-0.000808068	0.000148793
7761	200	-0.000926531	0.000178727
7763	100	0.000309026	0.000150403
7773	100	-0.00162959	0.000149283
7783	100	0.000749979	0.000160662
7796	100	0.00249706	0.000171303
7799	100	0.000975155	0.000122547
7800	100	0.00095894	0.000168851
7814	100	0.000465671	0.000208478
7937	100	0.000260222	0.000170479
7967	100	0.00172377	0.000127806
7998	100	-0.00104645	0.000175221
8216	100	0.00134744	0.000210659
8255	100	0.00136365	0.000171995
8422	100	-0.001268	0.000229408
8434	100	-0.000138009	0.000181977
8600	100	0.000837942	0.000209693
8809	100	-0.000369116	0.00021413
8894	100	0.00104772	0.000176235
9122	100	0.00230333	0.000214361
9486	100	-0.00026496	0.000153762
9624	100	0.0022465	0.000173174
9653	100	8.94897e-05	0.000190963
9704	100	-0.000764922	0.000167086
9732	100	0.00194008	0.000213054
9876	100	-0.00104548	0.000157123
9954	100	0.000601623	0.000160965
10106	100	0.00527818	0.000202165
10125	100	0.00320141	0.000234281
10130	100	0.000645019	0.000158713
10180	100	0.000586036	0.000164415
10187	100	-0.000605557	0.000168584
10199	100	9.19682e-05	0.000193579
10269	100	0.001201	0.000211525
10320	100	0.00133027	0.00016667
10355	100	0.000159347	0.000191734
10381	100	0.000762194	0.000193965
10419	100	0.00230177	0.000207587
10448	100	0.000373444	0.000174201
10483	100	0.00201852	0.000195857
10512	100	0.00026655	0.000248536
10528	100	0.000716058	0.000200848
10531	100	0.00106879	0.000211576
10533	100	-0.000557203	0.000140574
10538	100	0.000285104	0.000153507
10548	100	0.00214492	0.000189142
10555	100	0.00158991	0.000198603
10583	100	0.00128734	0.000193419
10589	100	0.00228099	0.000149607
10591	100	0.00222868	0.000139245
10603	100	-0.000885775	0.000229338
10608	100	0.00242429	0.000200895
10644	100	0.00426708	0.000231826
10648	100	-0.000185204	0.000155261
10652	100	0.00257301	0.000143686
10664	100	0.00342213	0.00019679
10684	100	0.000183324	0.000145974
10708	100	0.000940476	0.000153115
10713	100	0.00111776	0.000164234
10721	100	0.00079382	0.000162367
10723	100	0.00235875	0.000229031
10743	100	0.00228788	0.000160741
10747	100	0.00152269	0.000182045
10761	100	0.000821264	0.000120086
10769	100	0.00209507	0.000167318
10775	100	0.002391	0.000206564
10790	100	0.00160802	0.000191295
10820	100	-0.00034505	0.000210404
10829	100	0.00351452	0.000200691
10833	100	0.0030563	0.00019679
10841	100	0.00288343	0.00016419
10842	100	3.28693e-05	0.000214
10858	100	0.00217973	0.000210661
10859	200	0.0007864	0.000204937
10862	100	0.00191963	0.000184451
10868	100	-0.000429787	0.000158043
10941	100	0.00202417	0.000216431
10952	100	0.00460389	0.00018885
10961	100	0.00202098	0.000163015
10980	100	0.00155333	0.00020423
10988	100	0.00246319	0.000246101
11006	100	0.00166555	0.000147489
11010	100	0.00284685	0.000189059
11027	100	0.00402497	0.000207628
11036	100	-0.00156699	0.000207521
11058	100	0.00234442	0.000199761
11084	100	0.000408642	0.000152936
11097	100	-3.42668e-05	0.000176611
11108	100	0.000849832	0.000200649
11160	100	0.00243425	0.000192342
11168	100	-0.000215236	0.000222892
11278	100	0.00189733	0.000158388
11402	100	-0.00119654	0.000243387
11416	100	-4.27105e-05	0.00016736
11458	100	0.00197226	0.000238999
11485	100	-0.000198392	0.000203518
11535	100	0.000708677	0.000173851
11554	100	0.00162882	0.000209053
11624	100	-0.000278307	0.000177114
11679	100	0.00164051	0.000229679
11698	100	0.00182669	0.000204613
11719	100	0.00151387	0.000179096
11856	100	0.0005165	0.000189526
11904	100	0.00178628	0.000224658
11944	100	0.00367109	0.000186808
12069	100	0.00244626	0.000225802
12182	100	0.00128883	0.000173704
12416	100	0.00151801	0.000199499
12524	100	-0.000735728	0.000167628
21855	100	0.00321035	0.000232289
34630	100	-0.000478072	0.000202327
